20.943951
19.810043
18.792609
17.874579
17.042064
16.283648
15.589858
14.952773
14.365712
13.823008
13.319815
12.851970
12.415875
12.008404
11.626829
11.268756
10.932080
10.614938
10.315677
10.032828
9.765076
9.511244
9.270273
9.041211
8.823196
8.615448
8.417258
8.227981
8.047029
7.873865
7.707997
7.548973
7.396377
7.249829
7.108975
6.973490
6.843073
6.717444
6.596345
6.479535
6.366790
6.257901
6.152674
6.050927
5.952491
5.857207
5.764924
5.675505
5.588817
5.504738
5.423150
5.343946
5.267022
5.192282
5.119632
5.048988
4.980267
4.913391
4.848288
4.784887
4.723123
4.662934
4.604259
4.547042
4.491230
4.436771
4.383618
4.331722
4.281042
4.231533
4.183156
4.135873
4.089647
4.044443
4.000227
3.956968
3.914634
3.873196
3.832627
3.792898
3.753985
3.715862
3.678506
3.641893
3.606002
3.570811
3.536301
3.502451
3.469243
3.436659
3.404682
3.373294
3.342479
3.312222
3.282508
3.253323
3.224652
3.196482
3.168800
3.141593