4401
390	4.15E-04
390.1	4.23E-04
390.2	4.31E-04
390.3	4.39E-04
390.4	4.48E-04
390.5	4.57E-04
390.6	4.66E-04
390.7	4.75E-04
390.8	4.84E-04
390.9	4.93E-04
391	5.03E-04
391.1	5.13E-04
391.2	5.22E-04
391.3	5.33E-04
391.4	5.43E-04
391.5	5.53E-04
391.6	5.64E-04
391.7	5.75E-04
391.8	5.86E-04
391.9	5.97E-04
392	6.08E-04
392.1	6.20E-04
392.2	6.32E-04
392.3	6.44E-04
392.4	6.56E-04
392.5	6.69E-04
392.6	6.81E-04
392.7	6.94E-04
392.8	7.07E-04
392.9	7.21E-04
393	7.34E-04
393.1	7.48E-04
393.2	7.62E-04
393.3	7.77E-04
393.4	7.91E-04
393.5	8.06E-04
393.6	8.21E-04
393.7	8.36E-04
393.8	8.52E-04
393.9	8.68E-04
394	8.84E-04
394.1	9.00E-04
394.2	9.17E-04
394.3	9.34E-04
394.4	9.51E-04
394.5	9.68E-04
394.6	9.86E-04
394.7	1.00E-03
394.8	1.02E-03
394.9	1.04E-03
395	1.06E-03
395.1	1.08E-03
395.2	1.10E-03
395.3	1.12E-03
395.4	1.14E-03
395.5	1.16E-03
395.6	1.18E-03
395.7	1.20E-03
395.8	1.22E-03
395.9	1.24E-03
396	1.27E-03
396.1	1.29E-03
396.2	1.31E-03
396.3	1.33E-03
396.4	1.36E-03
396.5	1.38E-03
396.6	1.40E-03
396.7	1.43E-03
396.8	1.45E-03
396.9	1.48E-03
397	1.50E-03
397.1	1.53E-03
397.2	1.56E-03
397.3	1.58E-03
397.4	1.61E-03
397.5	1.64E-03
397.6	1.67E-03
397.7	1.69E-03
397.8	1.72E-03
397.9	1.75E-03
398	1.78E-03
398.1	1.81E-03
398.2	1.84E-03
398.3	1.87E-03
398.4	1.90E-03
398.5	1.93E-03
398.6	1.96E-03
398.7	2.00E-03
398.8	2.03E-03
398.9	2.06E-03
399	2.10E-03
399.1	2.13E-03
399.2	2.16E-03
399.3	2.20E-03
399.4	2.23E-03
399.5	2.27E-03
399.6	2.30E-03
399.7	2.34E-03
399.8	2.38E-03
399.9	2.41E-03
400	2.45E-03
400.1	2.49E-03
400.2	2.53E-03
400.3	2.57E-03
400.4	2.61E-03
400.5	2.65E-03
400.6	2.69E-03
400.7	2.73E-03
400.8	2.77E-03
400.9	2.81E-03
401	2.85E-03
401.1	2.89E-03
401.2	2.94E-03
401.3	2.98E-03
401.4	3.03E-03
401.5	3.07E-03
401.6	3.11E-03
401.7	3.16E-03
401.8	3.21E-03
401.9	3.25E-03
402	3.30E-03
402.1	3.35E-03
402.2	3.39E-03
402.3	3.44E-03
402.4	3.49E-03
402.5	3.54E-03
402.6	3.59E-03
402.7	3.64E-03
402.8	3.69E-03
402.9	3.75E-03
403	3.80E-03
403.1	3.85E-03
403.2	3.90E-03
403.3	3.96E-03
403.4	4.01E-03
403.5	4.07E-03
403.6	4.12E-03
403.7	4.18E-03
403.8	4.24E-03
403.9	4.29E-03
404	4.35E-03
404.1	4.41E-03
404.2	4.47E-03
404.3	4.53E-03
404.4	4.59E-03
404.5	4.65E-03
404.6	4.72E-03
404.7	4.78E-03
404.8	4.84E-03
404.9	4.91E-03
405	4.97E-03
405.1	5.04E-03
405.2	5.10E-03
405.3	5.17E-03
405.4	5.24E-03
405.5	5.31E-03
405.6	5.38E-03
405.7	5.45E-03
405.8	5.52E-03
405.9	5.59E-03
406	5.66E-03
406.1	5.73E-03
406.2	5.81E-03
406.3	5.88E-03
406.4	5.96E-03
406.5	6.03E-03
406.6	6.11E-03
406.7	6.19E-03
406.8	6.26E-03
406.9	6.34E-03
407	6.42E-03
407.1	6.50E-03
407.2	6.58E-03
407.3	6.66E-03
407.4	6.75E-03
407.5	6.83E-03
407.6	6.91E-03
407.7	6.99E-03
407.8	7.08E-03
407.9	7.16E-03
408	7.25E-03
408.1	7.34E-03
408.2	7.42E-03
408.3	7.51E-03
408.4	7.60E-03
408.5	7.69E-03
408.6	7.78E-03
408.7	7.87E-03
408.8	7.96E-03
408.9	8.05E-03
409	8.14E-03
409.1	8.23E-03
409.2	8.32E-03
409.3	8.42E-03
409.4	8.51E-03
409.5	8.60E-03
409.6	8.70E-03
409.7	8.79E-03
409.8	8.89E-03
409.9	8.98E-03
410	9.08E-03
410.1	9.18E-03
410.2	9.27E-03
410.3	9.37E-03
410.4	9.47E-03
410.5	9.56E-03
410.6	9.66E-03
410.7	9.76E-03
410.8	9.86E-03
410.9	9.96E-03
411	1.01E-02
411.1	1.02E-02
411.2	1.03E-02
411.3	1.04E-02
411.4	1.05E-02
411.5	1.06E-02
411.6	1.07E-02
411.7	1.08E-02
411.8	1.09E-02
411.9	1.10E-02
412	1.11E-02
412.1	1.12E-02
412.2	1.13E-02
412.3	1.14E-02
412.4	1.15E-02
412.5	1.16E-02
412.6	1.17E-02
412.7	1.18E-02
412.8	1.19E-02
412.9	1.20E-02
413	1.21E-02
413.1	1.22E-02
413.2	1.23E-02
413.3	1.24E-02
413.4	1.25E-02
413.5	1.26E-02
413.6	1.27E-02
413.7	1.29E-02
413.8	1.30E-02
413.9	1.31E-02
414	1.32E-02
414.1	1.33E-02
414.2	1.34E-02
414.3	1.35E-02
414.4	1.36E-02
414.5	1.37E-02
414.6	1.38E-02
414.7	1.40E-02
414.8	1.41E-02
414.9	1.42E-02
415	1.43E-02
415.1	1.44E-02
415.2	1.45E-02
415.3	1.46E-02
415.4	1.48E-02
415.5	1.49E-02
415.6	1.50E-02
415.7	1.51E-02
415.8	1.52E-02
415.9	1.53E-02
416	1.55E-02
416.1	1.56E-02
416.2	1.57E-02
416.3	1.58E-02
416.4	1.59E-02
416.5	1.60E-02
416.6	1.62E-02
416.7	1.63E-02
416.8	1.64E-02
416.9	1.65E-02
417	1.66E-02
417.1	1.68E-02
417.2	1.69E-02
417.3	1.70E-02
417.4	1.71E-02
417.5	1.72E-02
417.6	1.74E-02
417.7	1.75E-02
417.8	1.76E-02
417.9	1.77E-02
418	1.79E-02
418.1	1.80E-02
418.2	1.81E-02
418.3	1.82E-02
418.4	1.83E-02
418.5	1.85E-02
418.6	1.86E-02
418.7	1.87E-02
418.8	1.88E-02
418.9	1.89E-02
419	1.91E-02
419.1	1.92E-02
419.2	1.93E-02
419.3	1.94E-02
419.4	1.96E-02
419.5	1.97E-02
419.6	1.98E-02
419.7	1.99E-02
419.8	2.00E-02
419.9	2.02E-02
420	2.03E-02
420.1	2.04E-02
420.2	2.05E-02
420.3	2.06E-02
420.4	2.07E-02
420.5	2.09E-02
420.6	2.10E-02
420.7	2.11E-02
420.8	2.12E-02
420.9	2.13E-02
421	2.14E-02
421.1	2.16E-02
421.2	2.17E-02
421.3	2.18E-02
421.4	2.19E-02
421.5	2.20E-02
421.6	2.21E-02
421.7	2.23E-02
421.8	2.24E-02
421.9	2.25E-02
422	2.26E-02
422.1	2.27E-02
422.2	2.28E-02
422.3	2.29E-02
422.4	2.31E-02
422.5	2.32E-02
422.6	2.33E-02
422.7	2.34E-02
422.8	2.35E-02
422.9	2.36E-02
423	2.37E-02
423.1	2.39E-02
423.2	2.40E-02
423.3	2.41E-02
423.4	2.42E-02
423.5	2.43E-02
423.6	2.44E-02
423.7	2.46E-02
423.8	2.47E-02
423.9	2.48E-02
424	2.49E-02
424.1	2.50E-02
424.2	2.51E-02
424.3	2.53E-02
424.4	2.54E-02
424.5	2.55E-02
424.6	2.56E-02
424.7	2.58E-02
424.8	2.59E-02
424.9	2.60E-02
425	2.61E-02
425.1	2.62E-02
425.2	2.64E-02
425.3	2.65E-02
425.4	2.66E-02
425.5	2.68E-02
425.6	2.69E-02
425.7	2.70E-02
425.8	2.71E-02
425.9	2.73E-02
426	2.74E-02
426.1	2.75E-02
426.2	2.77E-02
426.3	2.78E-02
426.4	2.79E-02
426.5	2.81E-02
426.6	2.82E-02
426.7	2.83E-02
426.8	2.85E-02
426.9	2.86E-02
427	2.87E-02
427.1	2.89E-02
427.2	2.90E-02
427.3	2.92E-02
427.4	2.93E-02
427.5	2.95E-02
427.6	2.96E-02
427.7	2.97E-02
427.8	2.99E-02
427.9	3.00E-02
428	3.02E-02
428.1	3.03E-02
428.2	3.05E-02
428.3	3.06E-02
428.4	3.08E-02
428.5	3.09E-02
428.6	3.11E-02
428.7	3.12E-02
428.8	3.14E-02
428.9	3.15E-02
429	3.17E-02
429.1	3.18E-02
429.2	3.20E-02
429.3	3.21E-02
429.4	3.23E-02
429.5	3.24E-02
429.6	3.26E-02
429.7	3.27E-02
429.8	3.29E-02
429.9	3.30E-02
430	3.32E-02
430.1	3.33E-02
430.2	3.35E-02
430.3	3.37E-02
430.4	3.38E-02
430.5	3.40E-02
430.6	3.41E-02
430.7	3.43E-02
430.8	3.45E-02
430.9	3.46E-02
431	3.48E-02
431.1	3.49E-02
431.2	3.51E-02
431.3	3.53E-02
431.4	3.54E-02
431.5	3.56E-02
431.6	3.58E-02
431.7	3.59E-02
431.8	3.61E-02
431.9	3.62E-02
432	3.64E-02
432.1	3.66E-02
432.2	3.67E-02
432.3	3.69E-02
432.4	3.71E-02
432.5	3.72E-02
432.6	3.74E-02
432.7	3.76E-02
432.8	3.78E-02
432.9	3.79E-02
433	3.81E-02
433.1	3.83E-02
433.2	3.84E-02
433.3	3.86E-02
433.4	3.88E-02
433.5	3.90E-02
433.6	3.91E-02
433.7	3.93E-02
433.8	3.95E-02
433.9	3.96E-02
434	3.98E-02
434.1	4.00E-02
434.2	4.02E-02
434.3	4.03E-02
434.4	4.05E-02
434.5	4.07E-02
434.6	4.09E-02
434.7	4.10E-02
434.8	4.12E-02
434.9	4.14E-02
435	4.16E-02
435.1	4.18E-02
435.2	4.19E-02
435.3	4.21E-02
435.4	4.23E-02
435.5	4.25E-02
435.6	4.27E-02
435.7	4.28E-02
435.8	4.30E-02
435.9	4.32E-02
436	4.34E-02
436.1	4.36E-02
436.2	4.37E-02
436.3	4.39E-02
436.4	4.41E-02
436.5	4.43E-02
436.6	4.45E-02
436.7	4.46E-02
436.8	4.48E-02
436.9	4.50E-02
437	4.52E-02
437.1	4.54E-02
437.2	4.55E-02
437.3	4.57E-02
437.4	4.59E-02
437.5	4.61E-02
437.6	4.62E-02
437.7	4.64E-02
437.8	4.66E-02
437.9	4.68E-02
438	4.70E-02
438.1	4.71E-02
438.2	4.73E-02
438.3	4.75E-02
438.4	4.77E-02
438.5	4.78E-02
438.6	4.80E-02
438.7	4.82E-02
438.8	4.83E-02
438.9	4.85E-02
439	4.87E-02
439.1	4.89E-02
439.2	4.90E-02
439.3	4.92E-02
439.4	4.94E-02
439.5	4.95E-02
439.6	4.97E-02
439.7	4.99E-02
439.8	5.00E-02
439.9	5.02E-02
440	5.03E-02
440.1	5.05E-02
440.2	5.07E-02
440.3	5.08E-02
440.4	5.10E-02
440.5	5.11E-02
440.6	5.13E-02
440.7	5.14E-02
440.8	5.16E-02
440.9	5.17E-02
441	5.19E-02
441.1	5.20E-02
441.2	5.22E-02
441.3	5.23E-02
441.4	5.25E-02
441.5	5.26E-02
441.6	5.28E-02
441.7	5.29E-02
441.8	5.30E-02
441.9	5.32E-02
442	5.33E-02
442.1	5.35E-02
442.2	5.36E-02
442.3	5.37E-02
442.4	5.39E-02
442.5	5.40E-02
442.6	5.42E-02
442.7	5.43E-02
442.8	5.44E-02
442.9	5.46E-02
443	5.47E-02
443.1	5.48E-02
443.2	5.50E-02
443.3	5.51E-02
443.4	5.53E-02
443.5	5.54E-02
443.6	5.55E-02
443.7	5.57E-02
443.8	5.58E-02
443.9	5.59E-02
444	5.61E-02
444.1	5.62E-02
444.2	5.63E-02
444.3	5.65E-02
444.4	5.66E-02
444.5	5.67E-02
444.6	5.69E-02
444.7	5.70E-02
444.8	5.72E-02
444.9	5.73E-02
445	5.74E-02
445.1	5.76E-02
445.2	5.77E-02
445.3	5.79E-02
445.4	5.80E-02
445.5	5.81E-02
445.6	5.83E-02
445.7	5.84E-02
445.8	5.86E-02
445.9	5.87E-02
446	5.89E-02
446.1	5.90E-02
446.2	5.91E-02
446.3	5.93E-02
446.4	5.94E-02
446.5	5.96E-02
446.6	5.97E-02
446.7	5.99E-02
446.8	6.00E-02
446.9	6.02E-02
447	6.03E-02
447.1	6.05E-02
447.2	6.06E-02
447.3	6.08E-02
447.4	6.09E-02
447.5	6.10E-02
447.6	6.12E-02
447.7	6.13E-02
447.8	6.15E-02
447.9	6.16E-02
448	6.18E-02
448.1	6.19E-02
448.2	6.21E-02
448.3	6.22E-02
448.4	6.24E-02
448.5	6.25E-02
448.6	6.27E-02
448.7	6.28E-02
448.8	6.30E-02
448.9	6.31E-02
449	6.33E-02
449.1	6.34E-02
449.2	6.36E-02
449.3	6.37E-02
449.4	6.39E-02
449.5	6.40E-02
449.6	6.41E-02
449.7	6.43E-02
449.8	6.44E-02
449.9	6.46E-02
450	6.47E-02
450.1	6.49E-02
450.2	6.50E-02
450.3	6.52E-02
450.4	6.53E-02
450.5	6.54E-02
450.6	6.56E-02
450.7	6.57E-02
450.8	6.59E-02
450.9	6.60E-02
451	6.61E-02
451.1	6.63E-02
451.2	6.64E-02
451.3	6.66E-02
451.4	6.67E-02
451.5	6.69E-02
451.6	6.70E-02
451.7	6.71E-02
451.8	6.73E-02
451.9	6.74E-02
452	6.76E-02
452.1	6.77E-02
452.2	6.79E-02
452.3	6.80E-02
452.4	6.82E-02
452.5	6.83E-02
452.6	6.84E-02
452.7	6.86E-02
452.8	6.87E-02
452.9	6.89E-02
453	6.90E-02
453.1	6.92E-02
453.2	6.94E-02
453.3	6.95E-02
453.4	6.97E-02
453.5	6.98E-02
453.6	7.00E-02
453.7	7.01E-02
453.8	7.03E-02
453.9	7.05E-02
454	7.06E-02
454.1	7.08E-02
454.2	7.10E-02
454.3	7.11E-02
454.4	7.13E-02
454.5	7.15E-02
454.6	7.17E-02
454.7	7.18E-02
454.8	7.20E-02
454.9	7.22E-02
455	7.24E-02
455.1	7.26E-02
455.2	7.28E-02
455.3	7.30E-02
455.4	7.31E-02
455.5	7.33E-02
455.6	7.35E-02
455.7	7.37E-02
455.8	7.39E-02
455.9	7.42E-02
456	7.44E-02
456.1	7.46E-02
456.2	7.48E-02
456.3	7.50E-02
456.4	7.52E-02
456.5	7.54E-02
456.6	7.57E-02
456.7	7.59E-02
456.8	7.61E-02
456.9	7.64E-02
457	7.66E-02
457.1	7.68E-02
457.2	7.71E-02
457.3	7.73E-02
457.4	7.76E-02
457.5	7.78E-02
457.6	7.81E-02
457.7	7.83E-02
457.8	7.86E-02
457.9	7.88E-02
458	7.91E-02
458.1	7.94E-02
458.2	7.97E-02
458.3	7.99E-02
458.4	8.02E-02
458.5	8.05E-02
458.6	8.08E-02
458.7	8.11E-02
458.8	8.14E-02
458.9	8.17E-02
459	8.20E-02
459.1	8.23E-02
459.2	8.26E-02
459.3	8.29E-02
459.4	8.32E-02
459.5	8.35E-02
459.6	8.38E-02
459.7	8.42E-02
459.8	8.45E-02
459.9	8.48E-02
460	8.51E-02
460.1	8.55E-02
460.2	8.58E-02
460.3	8.62E-02
460.4	8.65E-02
460.5	8.69E-02
460.6	8.73E-02
460.7	8.76E-02
460.8	8.80E-02
460.9	8.84E-02
461	8.87E-02
461.1	8.91E-02
461.2	8.95E-02
461.3	8.99E-02
461.4	9.03E-02
461.5	9.07E-02
461.6	9.10E-02
461.7	9.14E-02
461.8	9.18E-02
461.9	9.23E-02
462	9.27E-02
462.1	9.31E-02
462.2	9.35E-02
462.3	9.39E-02
462.4	9.43E-02
462.5	9.47E-02
462.6	9.52E-02
462.7	9.56E-02
462.8	9.60E-02
462.9	9.65E-02
463	9.69E-02
463.1	9.73E-02
463.2	9.78E-02
463.3	9.82E-02
463.4	9.87E-02
463.5	9.91E-02
463.6	9.96E-02
463.7	1.00E-01
463.8	1.00E-01
463.9	1.01E-01
464	1.01E-01
464.1	1.02E-01
464.2	1.02E-01
464.3	1.03E-01
464.4	1.03E-01
464.5	1.04E-01
464.6	1.04E-01
464.7	1.05E-01
464.8	1.05E-01
464.9	1.06E-01
465	1.06E-01
465.1	1.06E-01
465.2	1.07E-01
465.3	1.07E-01
465.4	1.08E-01
465.5	1.08E-01
465.6	1.09E-01
465.7	1.09E-01
465.8	1.10E-01
465.9	1.10E-01
466	1.11E-01
466.1	1.11E-01
466.2	1.12E-01
466.3	1.12E-01
466.4	1.13E-01
466.5	1.13E-01
466.6	1.14E-01
466.7	1.14E-01
466.8	1.15E-01
466.9	1.15E-01
467	1.16E-01
467.1	1.16E-01
467.2	1.16E-01
467.3	1.17E-01
467.4	1.17E-01
467.5	1.18E-01
467.6	1.18E-01
467.7	1.19E-01
467.8	1.19E-01
467.9	1.20E-01
468	1.20E-01
468.1	1.21E-01
468.2	1.21E-01
468.3	1.22E-01
468.4	1.22E-01
468.5	1.23E-01
468.6	1.23E-01
468.7	1.24E-01
468.8	1.24E-01
468.9	1.25E-01
469	1.25E-01
469.1	1.26E-01
469.2	1.26E-01
469.3	1.27E-01
469.4	1.27E-01
469.5	1.28E-01
469.6	1.28E-01
469.7	1.28E-01
469.8	1.29E-01
469.9	1.29E-01
470	1.30E-01
470.1	1.30E-01
470.2	1.31E-01
470.3	1.31E-01
470.4	1.32E-01
470.5	1.32E-01
470.6	1.33E-01
470.7	1.33E-01
470.8	1.34E-01
470.9	1.34E-01
471	1.35E-01
471.1	1.35E-01
471.2	1.36E-01
471.3	1.36E-01
471.4	1.37E-01
471.5	1.37E-01
471.6	1.37E-01
471.7	1.38E-01
471.8	1.38E-01
471.9	1.39E-01
472	1.39E-01
472.1	1.40E-01
472.2	1.40E-01
472.3	1.41E-01
472.4	1.41E-01
472.5	1.42E-01
472.6	1.42E-01
472.7	1.43E-01
472.8	1.43E-01
472.9	1.44E-01
473	1.44E-01
473.1	1.44E-01
473.2	1.45E-01
473.3	1.45E-01
473.4	1.46E-01
473.5	1.46E-01
473.6	1.47E-01
473.7	1.47E-01
473.8	1.48E-01
473.9	1.48E-01
474	1.49E-01
474.1	1.49E-01
474.2	1.50E-01
474.3	1.50E-01
474.4	1.51E-01
474.5	1.51E-01
474.6	1.52E-01
474.7	1.52E-01
474.8	1.53E-01
474.9	1.53E-01
475	1.54E-01
475.1	1.54E-01
475.2	1.54E-01
475.3	1.55E-01
475.4	1.55E-01
475.5	1.56E-01
475.6	1.56E-01
475.7	1.57E-01
475.8	1.57E-01
475.9	1.58E-01
476	1.58E-01
476.1	1.59E-01
476.2	1.59E-01
476.3	1.60E-01
476.4	1.60E-01
476.5	1.61E-01
476.6	1.61E-01
476.7	1.62E-01
476.8	1.62E-01
476.9	1.63E-01
477	1.63E-01
477.1	1.64E-01
477.2	1.64E-01
477.3	1.65E-01
477.4	1.65E-01
477.5	1.66E-01
477.6	1.66E-01
477.7	1.67E-01
477.8	1.67E-01
477.9	1.68E-01
478	1.68E-01
478.1	1.69E-01
478.2	1.69E-01
478.3	1.70E-01
478.4	1.70E-01
478.5	1.71E-01
478.6	1.71E-01
478.7	1.72E-01
478.8	1.72E-01
478.9	1.73E-01
479	1.74E-01
479.1	1.74E-01
479.2	1.75E-01
479.3	1.75E-01
479.4	1.76E-01
479.5	1.76E-01
479.6	1.77E-01
479.7	1.77E-01
479.8	1.78E-01
479.9	1.78E-01
480	1.79E-01
480.1	1.79E-01
480.2	1.80E-01
480.3	1.80E-01
480.4	1.81E-01
480.5	1.81E-01
480.6	1.82E-01
480.7	1.83E-01
480.8	1.83E-01
480.9	1.84E-01
481	1.84E-01
481.1	1.85E-01
481.2	1.85E-01
481.3	1.86E-01
481.4	1.86E-01
481.5	1.87E-01
481.6	1.87E-01
481.7	1.88E-01
481.8	1.89E-01
481.9	1.89E-01
482	1.90E-01
482.1	1.90E-01
482.2	1.91E-01
482.3	1.91E-01
482.4	1.92E-01
482.5	1.92E-01
482.6	1.93E-01
482.7	1.94E-01
482.8	1.94E-01
482.9	1.95E-01
483	1.95E-01
483.1	1.96E-01
483.2	1.96E-01
483.3	1.97E-01
483.4	1.97E-01
483.5	1.98E-01
483.6	1.99E-01
483.7	1.99E-01
483.8	2.00E-01
483.9	2.00E-01
484	2.01E-01
484.1	2.01E-01
484.2	2.02E-01
484.3	2.03E-01
484.4	2.03E-01
484.5	2.04E-01
484.6	2.04E-01
484.7	2.05E-01
484.8	2.05E-01
484.9	2.06E-01
485	2.06E-01
485.1	2.07E-01
485.2	2.08E-01
485.3	2.08E-01
485.4	2.09E-01
485.5	2.09E-01
485.6	2.10E-01
485.7	2.10E-01
485.8	2.11E-01
485.9	2.12E-01
486	2.12E-01
486.1	2.13E-01
486.2	2.13E-01
486.3	2.14E-01
486.4	2.14E-01
486.5	2.15E-01
486.6	2.16E-01
486.7	2.16E-01
486.8	2.17E-01
486.9	2.17E-01
487	2.18E-01
487.1	2.19E-01
487.2	2.19E-01
487.3	2.20E-01
487.4	2.20E-01
487.5	2.21E-01
487.6	2.22E-01
487.7	2.22E-01
487.8	2.23E-01
487.9	2.24E-01
488	2.24E-01
488.1	2.25E-01
488.2	2.25E-01
488.3	2.26E-01
488.4	2.27E-01
488.5	2.27E-01
488.6	2.28E-01
488.7	2.29E-01
488.8	2.29E-01
488.9	2.30E-01
489	2.31E-01
489.1	2.31E-01
489.2	2.32E-01
489.3	2.33E-01
489.4	2.34E-01
489.5	2.34E-01
489.6	2.35E-01
489.7	2.36E-01
489.8	2.36E-01
489.9	2.37E-01
490	2.38E-01
490.1	2.39E-01
490.2	2.39E-01
490.3	2.40E-01
490.4	2.41E-01
490.5	2.42E-01
490.6	2.43E-01
490.7	2.43E-01
490.8	2.44E-01
490.9	2.45E-01
491	2.46E-01
491.1	2.47E-01
491.2	2.48E-01
491.3	2.48E-01
491.4	2.49E-01
491.5	2.50E-01
491.6	2.51E-01
491.7	2.52E-01
491.8	2.53E-01
491.9	2.54E-01
492	2.55E-01
492.1	2.56E-01
492.2	2.56E-01
492.3	2.57E-01
492.4	2.58E-01
492.5	2.59E-01
492.6	2.60E-01
492.7	2.61E-01
492.8	2.62E-01
492.9	2.63E-01
493	2.64E-01
493.1	2.65E-01
493.2	2.66E-01
493.3	2.67E-01
493.4	2.68E-01
493.5	2.69E-01
493.6	2.70E-01
493.7	2.71E-01
493.8	2.72E-01
493.9	2.73E-01
494	2.74E-01
494.1	2.75E-01
494.2	2.76E-01
494.3	2.77E-01
494.4	2.79E-01
494.5	2.80E-01
494.6	2.81E-01
494.7	2.82E-01
494.8	2.83E-01
494.9	2.84E-01
495	2.85E-01
495.1	2.86E-01
495.2	2.87E-01
495.3	2.88E-01
495.4	2.90E-01
495.5	2.91E-01
495.6	2.92E-01
495.7	2.93E-01
495.8	2.94E-01
495.9	2.95E-01
496	2.96E-01
496.1	2.98E-01
496.2	2.99E-01
496.3	3.00E-01
496.4	3.01E-01
496.5	3.02E-01
496.6	3.04E-01
496.7	3.05E-01
496.8	3.06E-01
496.9	3.07E-01
497	3.09E-01
497.1	3.10E-01
497.2	3.11E-01
497.3	3.12E-01
497.4	3.13E-01
497.5	3.15E-01
497.6	3.16E-01
497.7	3.17E-01
497.8	3.19E-01
497.9	3.20E-01
498	3.21E-01
498.1	3.22E-01
498.2	3.24E-01
498.3	3.25E-01
498.4	3.26E-01
498.5	3.28E-01
498.6	3.29E-01
498.7	3.30E-01
498.8	3.32E-01
498.9	3.33E-01
499	3.34E-01
499.1	3.36E-01
499.2	3.37E-01
499.3	3.39E-01
499.4	3.40E-01
499.5	3.41E-01
499.6	3.43E-01
499.7	3.44E-01
499.8	3.46E-01
499.9	3.47E-01
500	3.48E-01
500.1	3.50E-01
500.2	3.51E-01
500.3	3.53E-01
500.4	3.54E-01
500.5	3.56E-01
500.6	3.57E-01
500.7	3.59E-01
500.8	3.60E-01
500.9	3.61E-01
501	3.63E-01
501.1	3.64E-01
501.2	3.66E-01
501.3	3.67E-01
501.4	3.69E-01
501.5	3.71E-01
501.6	3.72E-01
501.7	3.74E-01
501.8	3.75E-01
501.9	3.77E-01
502	3.78E-01
502.1	3.80E-01
502.2	3.81E-01
502.3	3.83E-01
502.4	3.85E-01
502.5	3.86E-01
502.6	3.88E-01
502.7	3.89E-01
502.8	3.91E-01
502.9	3.93E-01
503	3.94E-01
503.1	3.96E-01
503.2	3.97E-01
503.3	3.99E-01
503.4	4.01E-01
503.5	4.02E-01
503.6	4.04E-01
503.7	4.06E-01
503.8	4.07E-01
503.9	4.09E-01
504	4.11E-01
504.1	4.12E-01
504.2	4.14E-01
504.3	4.16E-01
504.4	4.17E-01
504.5	4.19E-01
504.6	4.21E-01
504.7	4.23E-01
504.8	4.24E-01
504.9	4.26E-01
505	4.28E-01
505.1	4.30E-01
505.2	4.31E-01
505.3	4.33E-01
505.4	4.35E-01
505.5	4.37E-01
505.6	4.38E-01
505.7	4.40E-01
505.8	4.42E-01
505.9	4.44E-01
506	4.45E-01
506.1	4.47E-01
506.2	4.49E-01
506.3	4.51E-01
506.4	4.53E-01
506.5	4.54E-01
506.6	4.56E-01
506.7	4.58E-01
506.8	4.60E-01
506.9	4.62E-01
507	4.64E-01
507.1	4.65E-01
507.2	4.67E-01
507.3	4.69E-01
507.4	4.71E-01
507.5	4.73E-01
507.6	4.75E-01
507.7	4.77E-01
507.8	4.78E-01
507.9	4.80E-01
508	4.82E-01
508.1	4.84E-01
508.2	4.86E-01
508.3	4.88E-01
508.4	4.90E-01
508.5	4.92E-01
508.6	4.93E-01
508.7	4.95E-01
508.8	4.97E-01
508.9	4.99E-01
509	5.01E-01
509.1	5.03E-01
509.2	5.05E-01
509.3	5.07E-01
509.4	5.09E-01
509.5	5.11E-01
509.6	5.13E-01
509.7	5.15E-01
509.8	5.17E-01
509.9	5.19E-01
510	5.20E-01
510.1	5.22E-01
510.2	5.24E-01
510.3	5.26E-01
510.4	5.28E-01
510.5	5.30E-01
510.6	5.32E-01
510.7	5.34E-01
510.8	5.36E-01
510.9	5.38E-01
511	5.40E-01
511.1	5.42E-01
511.2	5.44E-01
511.3	5.46E-01
511.4	5.48E-01
511.5	5.50E-01
511.6	5.52E-01
511.7	5.54E-01
511.8	5.56E-01
511.9	5.58E-01
512	5.60E-01
512.1	5.62E-01
512.2	5.64E-01
512.3	5.66E-01
512.4	5.68E-01
512.5	5.70E-01
512.6	5.72E-01
512.7	5.74E-01
512.8	5.76E-01
512.9	5.78E-01
513	5.80E-01
513.1	5.82E-01
513.2	5.84E-01
513.3	5.86E-01
513.4	5.88E-01
513.5	5.90E-01
513.6	5.92E-01
513.7	5.94E-01
513.8	5.96E-01
513.9	5.98E-01
514	6.00E-01
514.1	6.02E-01
514.2	6.04E-01
514.3	6.06E-01
514.4	6.08E-01
514.5	6.10E-01
514.6	6.12E-01
514.7	6.15E-01
514.8	6.17E-01
514.9	6.19E-01
515	6.21E-01
515.1	6.23E-01
515.2	6.25E-01
515.3	6.27E-01
515.4	6.29E-01
515.5	6.31E-01
515.6	6.33E-01
515.7	6.35E-01
515.8	6.37E-01
515.9	6.39E-01
516	6.41E-01
516.1	6.43E-01
516.2	6.45E-01
516.3	6.47E-01
516.4	6.49E-01
516.5	6.51E-01
516.6	6.53E-01
516.7	6.55E-01
516.8	6.57E-01
516.9	6.59E-01
517	6.61E-01
517.1	6.63E-01
517.2	6.65E-01
517.3	6.67E-01
517.4	6.69E-01
517.5	6.71E-01
517.6	6.73E-01
517.7	6.75E-01
517.8	6.77E-01
517.9	6.79E-01
518	6.81E-01
518.1	6.83E-01
518.2	6.85E-01
518.3	6.87E-01
518.4	6.89E-01
518.5	6.90E-01
518.6	6.92E-01
518.7	6.94E-01
518.8	6.96E-01
518.9	6.98E-01
519	7.00E-01
519.1	7.02E-01
519.2	7.04E-01
519.3	7.05E-01
519.4	7.07E-01
519.5	7.09E-01
519.6	7.11E-01
519.7	7.13E-01
519.8	7.15E-01
519.9	7.16E-01
520	7.18E-01
520.1	7.20E-01
520.2	7.22E-01
520.3	7.23E-01
520.4	7.25E-01
520.5	7.27E-01
520.6	7.28E-01
520.7	7.30E-01
520.8	7.32E-01
520.9	7.34E-01
521	7.35E-01
521.1	7.37E-01
521.2	7.38E-01
521.3	7.40E-01
521.4	7.42E-01
521.5	7.43E-01
521.6	7.45E-01
521.7	7.46E-01
521.8	7.48E-01
521.9	7.50E-01
522	7.51E-01
522.1	7.53E-01
522.2	7.54E-01
522.3	7.56E-01
522.4	7.57E-01
522.5	7.59E-01
522.6	7.60E-01
522.7	7.62E-01
522.8	7.63E-01
522.9	7.65E-01
523	7.66E-01
523.1	7.68E-01
523.2	7.69E-01
523.3	7.71E-01
523.4	7.72E-01
523.5	7.74E-01
523.6	7.75E-01
523.7	7.76E-01
523.8	7.78E-01
523.9	7.79E-01
524	7.81E-01
524.1	7.82E-01
524.2	7.84E-01
524.3	7.85E-01
524.4	7.86E-01
524.5	7.88E-01
524.6	7.89E-01
524.7	7.91E-01
524.8	7.92E-01
524.9	7.93E-01
525	7.95E-01
525.1	7.96E-01
525.2	7.97E-01
525.3	7.99E-01
525.4	8.00E-01
525.5	8.01E-01
525.6	8.03E-01
525.7	8.04E-01
525.8	8.06E-01
525.9	8.07E-01
526	8.08E-01
526.1	8.10E-01
526.2	8.11E-01
526.3	8.12E-01
526.4	8.14E-01
526.5	8.15E-01
526.6	8.16E-01
526.7	8.17E-01
526.8	8.19E-01
526.9	8.20E-01
527	8.21E-01
527.1	8.23E-01
527.2	8.24E-01
527.3	8.25E-01
527.4	8.27E-01
527.5	8.28E-01
527.6	8.29E-01
527.7	8.30E-01
527.8	8.32E-01
527.9	8.33E-01
528	8.34E-01
528.1	8.35E-01
528.2	8.37E-01
528.3	8.38E-01
528.4	8.39E-01
528.5	8.40E-01
528.6	8.41E-01
528.7	8.43E-01
528.8	8.44E-01
528.9	8.45E-01
529	8.46E-01
529.1	8.47E-01
529.2	8.49E-01
529.3	8.50E-01
529.4	8.51E-01
529.5	8.52E-01
529.6	8.53E-01
529.7	8.54E-01
529.8	8.55E-01
529.9	8.56E-01
530	8.58E-01
530.1	8.59E-01
530.2	8.60E-01
530.3	8.61E-01
530.4	8.62E-01
530.5	8.63E-01
530.6	8.64E-01
530.7	8.65E-01
530.8	8.66E-01
530.9	8.67E-01
531	8.68E-01
531.1	8.69E-01
531.2	8.70E-01
531.3	8.71E-01
531.4	8.72E-01
531.5	8.73E-01
531.6	8.74E-01
531.7	8.75E-01
531.8	8.76E-01
531.9	8.77E-01
532	8.78E-01
532.1	8.79E-01
532.2	8.80E-01
532.3	8.81E-01
532.4	8.82E-01
532.5	8.83E-01
532.6	8.84E-01
532.7	8.85E-01
532.8	8.86E-01
532.9	8.87E-01
533	8.88E-01
533.1	8.89E-01
533.2	8.90E-01
533.3	8.91E-01
533.4	8.92E-01
533.5	8.93E-01
533.6	8.94E-01
533.7	8.95E-01
533.8	8.96E-01
533.9	8.97E-01
534	8.98E-01
534.1	8.98E-01
534.2	8.99E-01
534.3	9.00E-01
534.4	9.01E-01
534.5	9.02E-01
534.6	9.03E-01
534.7	9.04E-01
534.8	9.05E-01
534.9	9.06E-01
535	9.07E-01
535.1	9.08E-01
535.2	9.09E-01
535.3	9.10E-01
535.4	9.11E-01
535.5	9.12E-01
535.6	9.13E-01
535.7	9.14E-01
535.8	9.15E-01
535.9	9.16E-01
536	9.17E-01
536.1	9.18E-01
536.2	9.19E-01
536.3	9.20E-01
536.4	9.21E-01
536.5	9.22E-01
536.6	9.23E-01
536.7	9.24E-01
536.8	9.25E-01
536.9	9.26E-01
537	9.27E-01
537.1	9.28E-01
537.2	9.29E-01
537.3	9.30E-01
537.4	9.31E-01
537.5	9.32E-01
537.6	9.33E-01
537.7	9.34E-01
537.8	9.35E-01
537.9	9.36E-01
538	9.37E-01
538.1	9.38E-01
538.2	9.39E-01
538.3	9.40E-01
538.4	9.40E-01
538.5	9.41E-01
538.6	9.42E-01
538.7	9.43E-01
538.8	9.44E-01
538.9	9.45E-01
539	9.46E-01
539.1	9.47E-01
539.2	9.48E-01
539.3	9.49E-01
539.4	9.49E-01
539.5	9.50E-01
539.6	9.51E-01
539.7	9.52E-01
539.8	9.53E-01
539.9	9.54E-01
540	9.54E-01
540.1	9.55E-01
540.2	9.56E-01
540.3	9.57E-01
540.4	9.58E-01
540.5	9.58E-01
540.6	9.59E-01
540.7	9.60E-01
540.8	9.61E-01
540.9	9.61E-01
541	9.62E-01
541.1	9.63E-01
541.2	9.63E-01
541.3	9.64E-01
541.4	9.65E-01
541.5	9.65E-01
541.6	9.66E-01
541.7	9.67E-01
541.8	9.67E-01
541.9	9.68E-01
542	9.68E-01
542.1	9.69E-01
542.2	9.70E-01
542.3	9.70E-01
542.4	9.71E-01
542.5	9.71E-01
542.6	9.72E-01
542.7	9.72E-01
542.8	9.73E-01
542.9	9.73E-01
543	9.74E-01
543.1	9.74E-01
543.2	9.75E-01
543.3	9.75E-01
543.4	9.76E-01
543.5	9.76E-01
543.6	9.77E-01
543.7	9.77E-01
543.8	9.77E-01
543.9	9.78E-01
544	9.78E-01
544.1	9.79E-01
544.2	9.79E-01
544.3	9.79E-01
544.4	9.80E-01
544.5	9.80E-01
544.6	9.80E-01
544.7	9.81E-01
544.8	9.81E-01
544.9	9.81E-01
545	9.81E-01
545.1	9.82E-01
545.2	9.82E-01
545.3	9.82E-01
545.4	9.82E-01
545.5	9.83E-01
545.6	9.83E-01
545.7	9.83E-01
545.8	9.83E-01
545.9	9.83E-01
546	9.84E-01
546.1	9.84E-01
546.2	9.84E-01
546.3	9.84E-01
546.4	9.84E-01
546.5	9.85E-01
546.6	9.85E-01
546.7	9.85E-01
546.8	9.85E-01
546.9	9.85E-01
547	9.85E-01
547.1	9.85E-01
547.2	9.85E-01
547.3	9.86E-01
547.4	9.86E-01
547.5	9.86E-01
547.6	9.86E-01
547.7	9.86E-01
547.8	9.86E-01
547.9	9.86E-01
548	9.86E-01
548.1	9.86E-01
548.2	9.87E-01
548.3	9.87E-01
548.4	9.87E-01
548.5	9.87E-01
548.6	9.87E-01
548.7	9.87E-01
548.8	9.87E-01
548.9	9.87E-01
549	9.88E-01
549.1	9.88E-01
549.2	9.88E-01
549.3	9.88E-01
549.4	9.88E-01
549.5	9.88E-01
549.6	9.88E-01
549.7	9.89E-01
549.8	9.89E-01
549.9	9.89E-01
550	9.89E-01
550.1	9.89E-01
550.2	9.89E-01
550.3	9.90E-01
550.4	9.90E-01
550.5	9.90E-01
550.6	9.90E-01
550.7	9.90E-01
550.8	9.91E-01
550.9	9.91E-01
551	9.91E-01
551.1	9.91E-01
551.2	9.92E-01
551.3	9.92E-01
551.4	9.92E-01
551.5	9.92E-01
551.6	9.93E-01
551.7	9.93E-01
551.8	9.93E-01
551.9	9.93E-01
552	9.93E-01
552.1	9.94E-01
552.2	9.94E-01
552.3	9.94E-01
552.4	9.94E-01
552.5	9.95E-01
552.6	9.95E-01
552.7	9.95E-01
552.8	9.95E-01
552.9	9.96E-01
553	9.96E-01
553.1	9.96E-01
553.2	9.96E-01
553.3	9.97E-01
553.4	9.97E-01
553.5	9.97E-01
553.6	9.97E-01
553.7	9.97E-01
553.8	9.98E-01
553.9	9.98E-01
554	9.98E-01
554.1	9.98E-01
554.2	9.98E-01
554.3	9.99E-01
554.4	9.99E-01
554.5	9.99E-01
554.6	9.99E-01
554.7	9.99E-01
554.8	9.99E-01
554.9	9.99E-01
555	9.99E-01
555.1	1.00E+00
555.2	1.00E+00
555.3	1.00E+00
555.4	1.00E+00
555.5	1.00E+00
555.6	1.00E+00
555.7	1.00E+00
555.8	1.00E+00
555.9	1.00E+00
556	1.00E+00
556.1	1.00E+00
556.2	1.00E+00
556.3	1.00E+00
556.4	1.00E+00
556.5	1.00E+00
556.6	1.00E+00
556.7	1.00E+00
556.8	1.00E+00
556.9	1.00E+00
557	1.00E+00
557.1	1.00E+00
557.2	1.00E+00
557.3	1.00E+00
557.4	9.99E-01
557.5	9.99E-01
557.6	9.99E-01
557.7	9.99E-01
557.8	9.99E-01
557.9	9.99E-01
558	9.99E-01
558.1	9.99E-01
558.2	9.99E-01
558.3	9.99E-01
558.4	9.99E-01
558.5	9.98E-01
558.6	9.98E-01
558.7	9.98E-01
558.8	9.98E-01
558.9	9.98E-01
559	9.98E-01
559.1	9.98E-01
559.2	9.98E-01
559.3	9.98E-01
559.4	9.97E-01
559.5	9.97E-01
559.6	9.97E-01
559.7	9.97E-01
559.8	9.97E-01
559.9	9.97E-01
560	9.97E-01
560.1	9.97E-01
560.2	9.97E-01
560.3	9.96E-01
560.4	9.96E-01
560.5	9.96E-01
560.6	9.96E-01
560.7	9.96E-01
560.8	9.96E-01
560.9	9.96E-01
561	9.96E-01
561.1	9.96E-01
561.2	9.96E-01
561.3	9.95E-01
561.4	9.95E-01
561.5	9.95E-01
561.6	9.95E-01
561.7	9.95E-01
561.8	9.95E-01
561.9	9.95E-01
562	9.95E-01
562.1	9.95E-01
562.2	9.94E-01
562.3	9.94E-01
562.4	9.94E-01
562.5	9.94E-01
562.6	9.94E-01
562.7	9.94E-01
562.8	9.94E-01
562.9	9.94E-01
563	9.94E-01
563.1	9.93E-01
563.2	9.93E-01
563.3	9.93E-01
563.4	9.93E-01
563.5	9.93E-01
563.6	9.93E-01
563.7	9.93E-01
563.8	9.92E-01
563.9	9.92E-01
564	9.92E-01
564.1	9.92E-01
564.2	9.92E-01
564.3	9.92E-01
564.4	9.91E-01
564.5	9.91E-01
564.6	9.91E-01
564.7	9.91E-01
564.8	9.91E-01
564.9	9.90E-01
565	9.90E-01
565.1	9.90E-01
565.2	9.90E-01
565.3	9.90E-01
565.4	9.89E-01
565.5	9.89E-01
565.6	9.89E-01
565.7	9.89E-01
565.8	9.88E-01
565.9	9.88E-01
566	9.88E-01
566.1	9.88E-01
566.2	9.87E-01
566.3	9.87E-01
566.4	9.87E-01
566.5	9.86E-01
566.6	9.86E-01
566.7	9.86E-01
566.8	9.86E-01
566.9	9.85E-01
567	9.85E-01
567.1	9.85E-01
567.2	9.84E-01
567.3	9.84E-01
567.4	9.84E-01
567.5	9.83E-01
567.6	9.83E-01
567.7	9.83E-01
567.8	9.82E-01
567.9	9.82E-01
568	9.82E-01
568.1	9.81E-01
568.2	9.81E-01
568.3	9.80E-01
568.4	9.80E-01
568.5	9.80E-01
568.6	9.79E-01
568.7	9.79E-01
568.8	9.78E-01
568.9	9.78E-01
569	9.78E-01
569.1	9.77E-01
569.2	9.77E-01
569.3	9.76E-01
569.4	9.76E-01
569.5	9.75E-01
569.6	9.75E-01
569.7	9.75E-01
569.8	9.74E-01
569.9	9.74E-01
570	9.73E-01
570.1	9.73E-01
570.2	9.72E-01
570.3	9.72E-01
570.4	9.71E-01
570.5	9.71E-01
570.6	9.70E-01
570.7	9.70E-01
570.8	9.69E-01
570.9	9.69E-01
571	9.68E-01
571.1	9.68E-01
571.2	9.67E-01
571.3	9.67E-01
571.4	9.66E-01
571.5	9.66E-01
571.6	9.65E-01
571.7	9.65E-01
571.8	9.64E-01
571.9	9.64E-01
572	9.63E-01
572.1	9.63E-01
572.2	9.62E-01
572.3	9.61E-01
572.4	9.61E-01
572.5	9.60E-01
572.6	9.60E-01
572.7	9.59E-01
572.8	9.58E-01
572.9	9.58E-01
573	9.57E-01
573.1	9.56E-01
573.2	9.56E-01
573.3	9.55E-01
573.4	9.54E-01
573.5	9.54E-01
573.6	9.53E-01
573.7	9.52E-01
573.8	9.52E-01
573.9	9.51E-01
574	9.50E-01
574.1	9.50E-01
574.2	9.49E-01
574.3	9.48E-01
574.4	9.47E-01
574.5	9.46E-01
574.6	9.46E-01
574.7	9.45E-01
574.8	9.44E-01
574.9	9.43E-01
575	9.42E-01
575.1	9.42E-01
575.2	9.41E-01
575.3	9.40E-01
575.4	9.39E-01
575.5	9.38E-01
575.6	9.37E-01
575.7	9.36E-01
575.8	9.36E-01
575.9	9.35E-01
576	9.34E-01
576.1	9.33E-01
576.2	9.32E-01
576.3	9.31E-01
576.4	9.30E-01
576.5	9.29E-01
576.6	9.28E-01
576.7	9.27E-01
576.8	9.26E-01
576.9	9.25E-01
577	9.24E-01
577.1	9.23E-01
577.2	9.22E-01
577.3	9.21E-01
577.4	9.20E-01
577.5	9.19E-01
577.6	9.19E-01
577.7	9.18E-01
577.8	9.17E-01
577.9	9.16E-01
578	9.15E-01
578.1	9.14E-01
578.2	9.13E-01
578.3	9.12E-01
578.4	9.11E-01
578.5	9.10E-01
578.6	9.09E-01
578.7	9.08E-01
578.8	9.07E-01
578.9	9.06E-01
579	9.05E-01
579.1	9.04E-01
579.2	9.03E-01
579.3	9.02E-01
579.4	9.02E-01
579.5	9.01E-01
579.6	9.00E-01
579.7	8.99E-01
579.8	8.98E-01
579.9	8.97E-01
580	8.96E-01
580.1	8.96E-01
580.2	8.95E-01
580.3	8.94E-01
580.4	8.93E-01
580.5	8.92E-01
580.6	8.91E-01
580.7	8.91E-01
580.8	8.90E-01
580.9	8.89E-01
581	8.88E-01
581.1	8.88E-01
581.2	8.87E-01
581.3	8.86E-01
581.4	8.85E-01
581.5	8.85E-01
581.6	8.84E-01
581.7	8.83E-01
581.8	8.82E-01
581.9	8.82E-01
582	8.81E-01
582.1	8.80E-01
582.2	8.79E-01
582.3	8.79E-01
582.4	8.78E-01
582.5	8.77E-01
582.6	8.77E-01
582.7	8.76E-01
582.8	8.75E-01
582.9	8.74E-01
583	8.74E-01
583.1	8.73E-01
583.2	8.72E-01
583.3	8.71E-01
583.4	8.71E-01
583.5	8.70E-01
583.6	8.69E-01
583.7	8.69E-01
583.8	8.68E-01
583.9	8.67E-01
584	8.66E-01
584.1	8.66E-01
584.2	8.65E-01
584.3	8.64E-01
584.4	8.63E-01
584.5	8.63E-01
584.6	8.62E-01
584.7	8.61E-01
584.8	8.60E-01
584.9	8.60E-01
585	8.59E-01
585.1	8.58E-01
585.2	8.57E-01
585.3	8.56E-01
585.4	8.55E-01
585.5	8.55E-01
585.6	8.54E-01
585.7	8.53E-01
585.8	8.52E-01
585.9	8.51E-01
586	8.50E-01
586.1	8.50E-01
586.2	8.49E-01
586.3	8.48E-01
586.4	8.47E-01
586.5	8.46E-01
586.6	8.45E-01
586.7	8.44E-01
586.8	8.43E-01
586.9	8.42E-01
587	8.42E-01
587.1	8.41E-01
587.2	8.40E-01
587.3	8.39E-01
587.4	8.38E-01
587.5	8.37E-01
587.6	8.36E-01
587.7	8.35E-01
587.8	8.34E-01
587.9	8.33E-01
588	8.32E-01
588.1	8.31E-01
588.2	8.30E-01
588.3	8.29E-01
588.4	8.28E-01
588.5	8.27E-01
588.6	8.26E-01
588.7	8.25E-01
588.8	8.24E-01
588.9	8.23E-01
589	8.22E-01
589.1	8.21E-01
589.2	8.20E-01
589.3	8.19E-01
589.4	8.18E-01
589.5	8.17E-01
589.6	8.16E-01
589.7	8.15E-01
589.8	8.14E-01
589.9	8.13E-01
590	8.12E-01
590.1	8.11E-01
590.2	8.09E-01
590.3	8.08E-01
590.4	8.07E-01
590.5	8.06E-01
590.6	8.05E-01
590.7	8.04E-01
590.8	8.03E-01
590.9	8.02E-01
591	8.01E-01
591.1	8.00E-01
591.2	7.99E-01
591.3	7.97E-01
591.4	7.96E-01
591.5	7.95E-01
591.6	7.94E-01
591.7	7.93E-01
591.8	7.92E-01
591.9	7.91E-01
592	7.90E-01
592.1	7.89E-01
592.2	7.87E-01
592.3	7.86E-01
592.4	7.85E-01
592.5	7.84E-01
592.6	7.83E-01
592.7	7.82E-01
592.8	7.81E-01
592.9	7.79E-01
593	7.78E-01
593.1	7.77E-01
593.2	7.76E-01
593.3	7.75E-01
593.4	7.74E-01
593.5	7.72E-01
593.6	7.71E-01
593.7	7.70E-01
593.8	7.69E-01
593.9	7.68E-01
594	7.66E-01
594.1	7.65E-01
594.2	7.64E-01
594.3	7.63E-01
594.4	7.62E-01
594.5	7.61E-01
594.6	7.59E-01
594.7	7.58E-01
594.8	7.57E-01
594.9	7.56E-01
595	7.54E-01
595.1	7.53E-01
595.2	7.52E-01
595.3	7.51E-01
595.4	7.50E-01
595.5	7.48E-01
595.6	7.47E-01
595.7	7.46E-01
595.8	7.45E-01
595.9	7.43E-01
596	7.42E-01
596.1	7.41E-01
596.2	7.40E-01
596.3	7.39E-01
596.4	7.37E-01
596.5	7.36E-01
596.6	7.35E-01
596.7	7.34E-01
596.8	7.32E-01
596.9	7.31E-01
597	7.30E-01
597.1	7.29E-01
597.2	7.27E-01
597.3	7.26E-01
597.4	7.25E-01
597.5	7.24E-01
597.6	7.22E-01
597.7	7.21E-01
597.8	7.20E-01
597.9	7.19E-01
598	7.17E-01
598.1	7.16E-01
598.2	7.15E-01
598.3	7.13E-01
598.4	7.12E-01
598.5	7.11E-01
598.6	7.10E-01
598.7	7.08E-01
598.8	7.07E-01
598.9	7.06E-01
599	7.05E-01
599.1	7.03E-01
599.2	7.02E-01
599.3	7.01E-01
599.4	6.99E-01
599.5	6.98E-01
599.6	6.97E-01
599.7	6.96E-01
599.8	6.94E-01
599.9	6.93E-01
600	6.92E-01
600.1	6.91E-01
600.2	6.89E-01
600.3	6.88E-01
600.4	6.87E-01
600.5	6.85E-01
600.6	6.84E-01
600.7	6.83E-01
600.8	6.82E-01
600.9	6.80E-01
601	6.79E-01
601.1	6.78E-01
601.2	6.77E-01
601.3	6.75E-01
601.4	6.74E-01
601.5	6.73E-01
601.6	6.71E-01
601.7	6.70E-01
601.8	6.69E-01
601.9	6.68E-01
602	6.66E-01
602.1	6.65E-01
602.2	6.64E-01
602.3	6.62E-01
602.4	6.61E-01
602.5	6.60E-01
602.6	6.59E-01
602.7	6.57E-01
602.8	6.56E-01
602.9	6.55E-01
603	6.53E-01
603.1	6.52E-01
603.2	6.51E-01
603.3	6.49E-01
603.4	6.48E-01
603.5	6.47E-01
603.6	6.46E-01
603.7	6.44E-01
603.8	6.43E-01
603.9	6.42E-01
604	6.40E-01
604.1	6.39E-01
604.2	6.38E-01
604.3	6.36E-01
604.4	6.35E-01
604.5	6.34E-01
604.6	6.32E-01
604.7	6.31E-01
604.8	6.30E-01
604.9	6.28E-01
605	6.27E-01
605.1	6.26E-01
605.2	6.24E-01
605.3	6.23E-01
605.4	6.22E-01
605.5	6.20E-01
605.6	6.19E-01
605.7	6.18E-01
605.8	6.16E-01
605.9	6.15E-01
606	6.14E-01
606.1	6.12E-01
606.2	6.11E-01
606.3	6.09E-01
606.4	6.08E-01
606.5	6.07E-01
606.6	6.05E-01
606.7	6.04E-01
606.8	6.03E-01
606.9	6.01E-01
607	6.00E-01
607.1	5.98E-01
607.2	5.97E-01
607.3	5.96E-01
607.4	5.94E-01
607.5	5.93E-01
607.6	5.92E-01
607.7	5.90E-01
607.8	5.89E-01
607.9	5.87E-01
608	5.86E-01
608.1	5.85E-01
608.2	5.83E-01
608.3	5.82E-01
608.4	5.81E-01
608.5	5.79E-01
608.6	5.78E-01
608.7	5.76E-01
608.8	5.75E-01
608.9	5.74E-01
609	5.72E-01
609.1	5.71E-01
609.2	5.69E-01
609.3	5.68E-01
609.4	5.67E-01
609.5	5.65E-01
609.6	5.64E-01
609.7	5.63E-01
609.8	5.61E-01
609.9	5.60E-01
610	5.58E-01
610.1	5.57E-01
610.2	5.56E-01
610.3	5.54E-01
610.4	5.53E-01
610.5	5.51E-01
610.6	5.50E-01
610.7	5.49E-01
610.8	5.47E-01
610.9	5.46E-01
611	5.45E-01
611.1	5.43E-01
611.2	5.42E-01
611.3	5.40E-01
611.4	5.39E-01
611.5	5.38E-01
611.6	5.36E-01
611.7	5.35E-01
611.8	5.34E-01
611.9	5.32E-01
612	5.31E-01
612.1	5.29E-01
612.2	5.28E-01
612.3	5.27E-01
612.4	5.25E-01
612.5	5.24E-01
612.6	5.23E-01
612.7	5.21E-01
612.8	5.20E-01
612.9	5.18E-01
613	5.17E-01
613.1	5.16E-01
613.2	5.14E-01
613.3	5.13E-01
613.4	5.12E-01
613.5	5.10E-01
613.6	5.09E-01
613.7	5.07E-01
613.8	5.06E-01
613.9	5.05E-01
614	5.03E-01
614.1	5.02E-01
614.2	5.01E-01
614.3	4.99E-01
614.4	4.98E-01
614.5	4.96E-01
614.6	4.95E-01
614.7	4.94E-01
614.8	4.92E-01
614.9	4.91E-01
615	4.90E-01
615.1	4.88E-01
615.2	4.87E-01
615.3	4.85E-01
615.4	4.84E-01
615.5	4.83E-01
615.6	4.81E-01
615.7	4.80E-01
615.8	4.79E-01
615.9	4.77E-01
616	4.76E-01
616.1	4.75E-01
616.2	4.73E-01
616.3	4.72E-01
616.4	4.71E-01
616.5	4.69E-01
616.6	4.68E-01
616.7	4.66E-01
616.8	4.65E-01
616.9	4.64E-01
617	4.62E-01
617.1	4.61E-01
617.2	4.60E-01
617.3	4.58E-01
617.4	4.57E-01
617.5	4.56E-01
617.6	4.54E-01
617.7	4.53E-01
617.8	4.52E-01
617.9	4.50E-01
618	4.49E-01
618.1	4.48E-01
618.2	4.46E-01
618.3	4.45E-01
618.4	4.44E-01
618.5	4.42E-01
618.6	4.41E-01
618.7	4.40E-01
618.8	4.38E-01
618.9	4.37E-01
619	4.36E-01
619.1	4.35E-01
619.2	4.33E-01
619.3	4.32E-01
619.4	4.31E-01
619.5	4.29E-01
619.6	4.28E-01
619.7	4.27E-01
619.8	4.26E-01
619.9	4.24E-01
620	4.23E-01
620.1	4.22E-01
620.2	4.20E-01
620.3	4.19E-01
620.4	4.18E-01
620.5	4.17E-01
620.6	4.15E-01
620.7	4.14E-01
620.8	4.13E-01
620.9	4.12E-01
621	4.10E-01
621.1	4.09E-01
621.2	4.08E-01
621.3	4.07E-01
621.4	4.05E-01
621.5	4.04E-01
621.6	4.03E-01
621.7	4.02E-01
621.8	4.01E-01
621.9	3.99E-01
622	3.98E-01
622.1	3.97E-01
622.2	3.96E-01
622.3	3.94E-01
622.4	3.93E-01
622.5	3.92E-01
622.6	3.91E-01
622.7	3.89E-01
622.8	3.88E-01
622.9	3.87E-01
623	3.86E-01
623.1	3.84E-01
623.2	3.83E-01
623.3	3.82E-01
623.4	3.81E-01
623.5	3.80E-01
623.6	3.78E-01
623.7	3.77E-01
623.8	3.76E-01
623.9	3.75E-01
624	3.73E-01
624.1	3.72E-01
624.2	3.71E-01
624.3	3.70E-01
624.4	3.68E-01
624.5	3.67E-01
624.6	3.66E-01
624.7	3.65E-01
624.8	3.63E-01
624.9	3.62E-01
625	3.61E-01
625.1	3.60E-01
625.2	3.58E-01
625.3	3.57E-01
625.4	3.56E-01
625.5	3.55E-01
625.6	3.53E-01
625.7	3.52E-01
625.8	3.51E-01
625.9	3.50E-01
626	3.48E-01
626.1	3.47E-01
626.2	3.46E-01
626.3	3.44E-01
626.4	3.43E-01
626.5	3.42E-01
626.6	3.41E-01
626.7	3.39E-01
626.8	3.38E-01
626.9	3.37E-01
627	3.36E-01
627.1	3.34E-01
627.2	3.33E-01
627.3	3.32E-01
627.4	3.30E-01
627.5	3.29E-01
627.6	3.28E-01
627.7	3.27E-01
627.8	3.25E-01
627.9	3.24E-01
628	3.23E-01
628.1	3.22E-01
628.2	3.20E-01
628.3	3.19E-01
628.4	3.18E-01
628.5	3.17E-01
628.6	3.15E-01
628.7	3.14E-01
628.8	3.13E-01
628.9	3.12E-01
629	3.10E-01
629.1	3.09E-01
629.2	3.08E-01
629.3	3.07E-01
629.4	3.05E-01
629.5	3.04E-01
629.6	3.03E-01
629.7	3.02E-01
629.8	3.01E-01
629.9	2.99E-01
630	2.98E-01
630.1	2.97E-01
630.2	2.96E-01
630.3	2.94E-01
630.4	2.93E-01
630.5	2.92E-01
630.6	2.91E-01
630.7	2.90E-01
630.8	2.88E-01
630.9	2.87E-01
631	2.86E-01
631.1	2.85E-01
631.2	2.84E-01
631.3	2.83E-01
631.4	2.81E-01
631.5	2.80E-01
631.6	2.79E-01
631.7	2.78E-01
631.8	2.77E-01
631.9	2.76E-01
632	2.74E-01
632.1	2.73E-01
632.2	2.72E-01
632.3	2.71E-01
632.4	2.70E-01
632.5	2.69E-01
632.6	2.68E-01
632.7	2.67E-01
632.8	2.65E-01
632.9	2.64E-01
633	2.63E-01
633.1	2.62E-01
633.2	2.61E-01
633.3	2.60E-01
633.4	2.59E-01
633.5	2.58E-01
633.6	2.57E-01
633.7	2.56E-01
633.8	2.54E-01
633.9	2.53E-01
634	2.52E-01
634.1	2.51E-01
634.2	2.50E-01
634.3	2.49E-01
634.4	2.48E-01
634.5	2.47E-01
634.6	2.46E-01
634.7	2.45E-01
634.8	2.44E-01
634.9	2.43E-01
635	2.42E-01
635.1	2.41E-01
635.2	2.40E-01
635.3	2.39E-01
635.4	2.38E-01
635.5	2.37E-01
635.6	2.36E-01
635.7	2.35E-01
635.8	2.33E-01
635.9	2.32E-01
636	2.31E-01
636.1	2.30E-01
636.2	2.29E-01
636.3	2.28E-01
636.4	2.28E-01
636.5	2.27E-01
636.6	2.26E-01
636.7	2.25E-01
636.8	2.24E-01
636.9	2.23E-01
637	2.22E-01
637.1	2.21E-01
637.2	2.20E-01
637.3	2.19E-01
637.4	2.18E-01
637.5	2.17E-01
637.6	2.16E-01
637.7	2.15E-01
637.8	2.14E-01
637.9	2.13E-01
638	2.12E-01
638.1	2.11E-01
638.2	2.10E-01
638.3	2.09E-01
638.4	2.08E-01
638.5	2.08E-01
638.6	2.07E-01
638.7	2.06E-01
638.8	2.05E-01
638.9	2.04E-01
639	2.03E-01
639.1	2.02E-01
639.2	2.01E-01
639.3	2.00E-01
639.4	2.00E-01
639.5	1.99E-01
639.6	1.98E-01
639.7	1.97E-01
639.8	1.96E-01
639.9	1.95E-01
640	1.94E-01
640.1	1.93E-01
640.2	1.93E-01
640.3	1.92E-01
640.4	1.91E-01
640.5	1.90E-01
640.6	1.89E-01
640.7	1.88E-01
640.8	1.88E-01
640.9	1.87E-01
641	1.86E-01
641.1	1.85E-01
641.2	1.84E-01
641.3	1.83E-01
641.4	1.83E-01
641.5	1.82E-01
641.6	1.81E-01
641.7	1.80E-01
641.8	1.79E-01
641.9	1.79E-01
642	1.78E-01
642.1	1.77E-01
642.2	1.76E-01
642.3	1.75E-01
642.4	1.75E-01
642.5	1.74E-01
642.6	1.73E-01
642.7	1.72E-01
642.8	1.72E-01
642.9	1.71E-01
643	1.70E-01
643.1	1.69E-01
643.2	1.68E-01
643.3	1.68E-01
643.4	1.67E-01
643.5	1.66E-01
643.6	1.65E-01
643.7	1.65E-01
643.8	1.64E-01
643.9	1.63E-01
644	1.62E-01
644.1	1.62E-01
644.2	1.61E-01
644.3	1.60E-01
644.4	1.59E-01
644.5	1.58E-01
644.6	1.58E-01
644.7	1.57E-01
644.8	1.56E-01
644.9	1.55E-01
645	1.55E-01
645.1	1.54E-01
645.2	1.53E-01
645.3	1.52E-01
645.4	1.52E-01
645.5	1.51E-01
645.6	1.50E-01
645.7	1.50E-01
645.8	1.49E-01
645.9	1.48E-01
646	1.47E-01
646.1	1.47E-01
646.2	1.46E-01
646.3	1.45E-01
646.4	1.44E-01
646.5	1.44E-01
646.6	1.43E-01
646.7	1.42E-01
646.8	1.41E-01
646.9	1.41E-01
647	1.40E-01
647.1	1.39E-01
647.2	1.39E-01
647.3	1.38E-01
647.4	1.37E-01
647.5	1.36E-01
647.6	1.36E-01
647.7	1.35E-01
647.8	1.34E-01
647.9	1.34E-01
648	1.33E-01
648.1	1.32E-01
648.2	1.32E-01
648.3	1.31E-01
648.4	1.30E-01
648.5	1.29E-01
648.6	1.29E-01
648.7	1.28E-01
648.8	1.27E-01
648.9	1.27E-01
649	1.26E-01
649.1	1.25E-01
649.2	1.25E-01
649.3	1.24E-01
649.4	1.23E-01
649.5	1.23E-01
649.6	1.22E-01
649.7	1.21E-01
649.8	1.21E-01
649.9	1.20E-01
650	1.19E-01
650.1	1.19E-01
650.2	1.18E-01
650.3	1.17E-01
650.4	1.17E-01
650.5	1.16E-01
650.6	1.15E-01
650.7	1.15E-01
650.8	1.14E-01
650.9	1.14E-01
651	1.13E-01
651.1	1.12E-01
651.2	1.12E-01
651.3	1.11E-01
651.4	1.10E-01
651.5	1.10E-01
651.6	1.09E-01
651.7	1.09E-01
651.8	1.08E-01
651.9	1.07E-01
652	1.07E-01
652.1	1.06E-01
652.2	1.06E-01
652.3	1.05E-01
652.4	1.04E-01
652.5	1.04E-01
652.6	1.03E-01
652.7	1.03E-01
652.8	1.02E-01
652.9	1.01E-01
653	1.01E-01
653.1	1.00E-01
653.2	9.97E-02
653.3	9.91E-02
653.4	9.85E-02
653.5	9.80E-02
653.6	9.74E-02
653.7	9.68E-02
653.8	9.63E-02
653.9	9.57E-02
654	9.52E-02
654.1	9.46E-02
654.2	9.41E-02
654.3	9.35E-02
654.4	9.30E-02
654.5	9.24E-02
654.6	9.19E-02
654.7	9.14E-02
654.8	9.08E-02
654.9	9.03E-02
655	8.98E-02
655.1	8.93E-02
655.2	8.88E-02
655.3	8.82E-02
655.4	8.77E-02
655.5	8.72E-02
655.6	8.67E-02
655.7	8.62E-02
655.8	8.57E-02
655.9	8.52E-02
656	8.47E-02
656.1	8.42E-02
656.2	8.37E-02
656.3	8.32E-02
656.4	8.27E-02
656.5	8.22E-02
656.6	8.18E-02
656.7	8.13E-02
656.8	8.08E-02
656.9	8.03E-02
657	7.98E-02
657.1	7.94E-02
657.2	7.89E-02
657.3	7.84E-02
657.4	7.80E-02
657.5	7.75E-02
657.6	7.70E-02
657.7	7.66E-02
657.8	7.61E-02
657.9	7.57E-02
658	7.52E-02
658.1	7.48E-02
658.2	7.43E-02
658.3	7.39E-02
658.4	7.35E-02
658.5	7.30E-02
658.6	7.26E-02
658.7	7.21E-02
658.8	7.17E-02
658.9	7.13E-02
659	7.09E-02
659.1	7.04E-02
659.2	7.00E-02
659.3	6.96E-02
659.4	6.92E-02
659.5	6.88E-02
659.6	6.83E-02
659.7	6.79E-02
659.8	6.75E-02
659.9	6.71E-02
660	6.67E-02
660.1	6.63E-02
660.2	6.59E-02
660.3	6.55E-02
660.4	6.51E-02
660.5	6.47E-02
660.6	6.43E-02
660.7	6.39E-02
660.8	6.35E-02
660.9	6.32E-02
661	6.28E-02
661.1	6.24E-02
661.2	6.20E-02
661.3	6.16E-02
661.4	6.13E-02
661.5	6.09E-02
661.6	6.05E-02
661.7	6.01E-02
661.8	5.98E-02
661.9	5.94E-02
662	5.90E-02
662.1	5.87E-02
662.2	5.83E-02
662.3	5.80E-02
662.4	5.76E-02
662.5	5.73E-02
662.6	5.69E-02
662.7	5.65E-02
662.8	5.62E-02
662.9	5.59E-02
663	5.55E-02
663.1	5.52E-02
663.2	5.48E-02
663.3	5.45E-02
663.4	5.41E-02
663.5	5.38E-02
663.6	5.35E-02
663.7	5.31E-02
663.8	5.28E-02
663.9	5.25E-02
664	5.22E-02
664.1	5.18E-02
664.2	5.15E-02
664.3	5.12E-02
664.4	5.09E-02
664.5	5.06E-02
664.6	5.02E-02
664.7	4.99E-02
664.8	4.96E-02
664.9	4.93E-02
665	4.90E-02
665.1	4.87E-02
665.2	4.84E-02
665.3	4.81E-02
665.4	4.78E-02
665.5	4.75E-02
665.6	4.72E-02
665.7	4.69E-02
665.8	4.66E-02
665.9	4.63E-02
666	4.60E-02
666.1	4.57E-02
666.2	4.54E-02
666.3	4.51E-02
666.4	4.49E-02
666.5	4.46E-02
666.6	4.43E-02
666.7	4.40E-02
666.8	4.37E-02
666.9	4.35E-02
667	4.32E-02
667.1	4.29E-02
667.2	4.26E-02
667.3	4.24E-02
667.4	4.21E-02
667.5	4.18E-02
667.6	4.16E-02
667.7	4.13E-02
667.8	4.10E-02
667.9	4.08E-02
668	4.05E-02
668.1	4.02E-02
668.2	4.00E-02
668.3	3.97E-02
668.4	3.95E-02
668.5	3.92E-02
668.6	3.90E-02
668.7	3.87E-02
668.8	3.85E-02
668.9	3.82E-02
669	3.80E-02
669.1	3.77E-02
669.2	3.75E-02
669.3	3.73E-02
669.4	3.70E-02
669.5	3.68E-02
669.6	3.65E-02
669.7	3.63E-02
669.8	3.61E-02
669.9	3.58E-02
670	3.56E-02
670.1	3.54E-02
670.2	3.51E-02
670.3	3.49E-02
670.4	3.47E-02
670.5	3.45E-02
670.6	3.42E-02
670.7	3.40E-02
670.8	3.38E-02
670.9	3.36E-02
671	3.33E-02
671.1	3.31E-02
671.2	3.29E-02
671.3	3.27E-02
671.4	3.25E-02
671.5	3.23E-02
671.6	3.21E-02
671.7	3.18E-02
671.8	3.16E-02
671.9	3.14E-02
672	3.12E-02
672.1	3.10E-02
672.2	3.08E-02
672.3	3.06E-02
672.4	3.04E-02
672.5	3.02E-02
672.6	3.00E-02
672.7	2.98E-02
672.8	2.96E-02
672.9	2.94E-02
673	2.92E-02
673.1	2.90E-02
673.2	2.88E-02
673.3	2.86E-02
673.4	2.84E-02
673.5	2.83E-02
673.6	2.81E-02
673.7	2.79E-02
673.8	2.77E-02
673.9	2.75E-02
674	2.73E-02
674.1	2.71E-02
674.2	2.70E-02
674.3	2.68E-02
674.4	2.66E-02
674.5	2.64E-02
674.6	2.62E-02
674.7	2.61E-02
674.8	2.59E-02
674.9	2.57E-02
675	2.55E-02
675.1	2.54E-02
675.2	2.52E-02
675.3	2.50E-02
675.4	2.49E-02
675.5	2.47E-02
675.6	2.45E-02
675.7	2.44E-02
675.8	2.42E-02
675.9	2.40E-02
676	2.39E-02
676.1	2.37E-02
676.2	2.35E-02
676.3	2.34E-02
676.4	2.32E-02
676.5	2.31E-02
676.6	2.29E-02
676.7	2.27E-02
676.8	2.26E-02
676.9	2.24E-02
677	2.23E-02
677.1	2.21E-02
677.2	2.20E-02
677.3	2.18E-02
677.4	2.17E-02
677.5	2.15E-02
677.6	2.14E-02
677.7	2.12E-02
677.8	2.11E-02
677.9	2.09E-02
678	2.08E-02
678.1	2.06E-02
678.2	2.05E-02
678.3	2.04E-02
678.4	2.02E-02
678.5	2.01E-02
678.6	1.99E-02
678.7	1.98E-02
678.8	1.97E-02
678.9	1.95E-02
679	1.94E-02
679.1	1.93E-02
679.2	1.91E-02
679.3	1.90E-02
679.4	1.89E-02
679.5	1.87E-02
679.6	1.86E-02
679.7	1.85E-02
679.8	1.83E-02
679.9	1.82E-02
680	1.81E-02
680.1	1.80E-02
680.2	1.78E-02
680.3	1.77E-02
680.4	1.76E-02
680.5	1.75E-02
680.6	1.73E-02
680.7	1.72E-02
680.8	1.71E-02
680.9	1.70E-02
681	1.68E-02
681.1	1.67E-02
681.2	1.66E-02
681.3	1.65E-02
681.4	1.64E-02
681.5	1.63E-02
681.6	1.61E-02
681.7	1.60E-02
681.8	1.59E-02
681.9	1.58E-02
682	1.57E-02
682.1	1.56E-02
682.2	1.55E-02
682.3	1.54E-02
682.4	1.52E-02
682.5	1.51E-02
682.6	1.50E-02
682.7	1.49E-02
682.8	1.48E-02
682.9	1.47E-02
683	1.46E-02
683.1	1.45E-02
683.2	1.44E-02
683.3	1.43E-02
683.4	1.42E-02
683.5	1.41E-02
683.6	1.40E-02
683.7	1.39E-02
683.8	1.38E-02
683.9	1.37E-02
684	1.36E-02
684.1	1.35E-02
684.2	1.34E-02
684.3	1.33E-02
684.4	1.32E-02
684.5	1.31E-02
684.6	1.30E-02
684.7	1.29E-02
684.8	1.28E-02
684.9	1.27E-02
685	1.26E-02
685.1	1.25E-02
685.2	1.24E-02
685.3	1.23E-02
685.4	1.22E-02
685.5	1.22E-02
685.6	1.21E-02
685.7	1.20E-02
685.8	1.19E-02
685.9	1.18E-02
686	1.17E-02
686.1	1.16E-02
686.2	1.15E-02
686.3	1.14E-02
686.4	1.14E-02
686.5	1.13E-02
686.6	1.12E-02
686.7	1.11E-02
686.8	1.10E-02
686.9	1.09E-02
687	1.09E-02
687.1	1.08E-02
687.2	1.07E-02
687.3	1.06E-02
687.4	1.05E-02
687.5	1.05E-02
687.6	1.04E-02
687.7	1.03E-02
687.8	1.02E-02
687.9	1.01E-02
688	1.01E-02
688.1	9.99E-03
688.2	9.91E-03
688.3	9.84E-03
688.4	9.77E-03
688.5	9.69E-03
688.6	9.62E-03
688.7	9.55E-03
688.8	9.47E-03
688.9	9.40E-03
689	9.33E-03
689.1	9.26E-03
689.2	9.19E-03
689.3	9.13E-03
689.4	9.06E-03
689.5	8.99E-03
689.6	8.92E-03
689.7	8.86E-03
689.8	8.79E-03
689.9	8.73E-03
690	8.66E-03
690.1	8.60E-03
690.2	8.53E-03
690.3	8.47E-03
690.4	8.41E-03
690.5	8.35E-03
690.6	8.29E-03
690.7	8.23E-03
690.8	8.16E-03
690.9	8.11E-03
691	8.05E-03
691.1	7.99E-03
691.2	7.93E-03
691.3	7.87E-03
691.4	7.81E-03
691.5	7.76E-03
691.6	7.70E-03
691.7	7.65E-03
691.8	7.59E-03
691.9	7.54E-03
692	7.48E-03
692.1	7.43E-03
692.2	7.37E-03
692.3	7.32E-03
692.4	7.27E-03
692.5	7.22E-03
692.6	7.16E-03
692.7	7.11E-03
692.8	7.06E-03
692.9	7.01E-03
693	6.96E-03
693.1	6.91E-03
693.2	6.86E-03
693.3	6.81E-03
693.4	6.76E-03
693.5	6.71E-03
693.6	6.67E-03
693.7	6.62E-03
693.8	6.57E-03
693.9	6.52E-03
694	6.48E-03
694.1	6.43E-03
694.2	6.38E-03
694.3	6.34E-03
694.4	6.29E-03
694.5	6.25E-03
694.6	6.20E-03
694.7	6.16E-03
694.8	6.12E-03
694.9	6.07E-03
695	6.03E-03
695.1	5.98E-03
695.2	5.94E-03
695.3	5.90E-03
695.4	5.86E-03
695.5	5.81E-03
695.6	5.77E-03
695.7	5.73E-03
695.8	5.69E-03
695.9	5.65E-03
696	5.61E-03
696.1	5.57E-03
696.2	5.53E-03
696.3	5.49E-03
696.4	5.45E-03
696.5	5.41E-03
696.6	5.37E-03
696.7	5.33E-03
696.8	5.29E-03
696.9	5.25E-03
697	5.22E-03
697.1	5.18E-03
697.2	5.14E-03
697.3	5.10E-03
697.4	5.07E-03
697.5	5.03E-03
697.6	4.99E-03
697.7	4.96E-03
697.8	4.92E-03
697.9	4.89E-03
698	4.85E-03
698.1	4.82E-03
698.2	4.78E-03
698.3	4.75E-03
698.4	4.71E-03
698.5	4.68E-03
698.6	4.64E-03
698.7	4.61E-03
698.8	4.58E-03
698.9	4.54E-03
699	4.51E-03
699.1	4.48E-03
699.2	4.45E-03
699.3	4.41E-03
699.4	4.38E-03
699.5	4.35E-03
699.6	4.32E-03
699.7	4.29E-03
699.8	4.26E-03
699.9	4.23E-03
700	4.20E-03
700.1	4.17E-03
700.2	4.14E-03
700.3	4.11E-03
700.4	4.08E-03
700.5	4.05E-03
700.6	4.02E-03
700.7	3.99E-03
700.8	3.96E-03
700.9	3.93E-03
701	3.90E-03
701.1	3.87E-03
701.2	3.85E-03
701.3	3.82E-03
701.4	3.79E-03
701.5	3.76E-03
701.6	3.74E-03
701.7	3.71E-03
701.8	3.68E-03
701.9	3.65E-03
702	3.63E-03
702.1	3.60E-03
702.2	3.58E-03
702.3	3.55E-03
702.4	3.52E-03
702.5	3.50E-03
702.6	3.47E-03
702.7	3.45E-03
702.8	3.42E-03
702.9	3.40E-03
703	3.37E-03
703.1	3.35E-03
703.2	3.32E-03
703.3	3.30E-03
703.4	3.28E-03
703.5	3.25E-03
703.6	3.23E-03
703.7	3.20E-03
703.8	3.18E-03
703.9	3.16E-03
704	3.13E-03
704.1	3.11E-03
704.2	3.09E-03
704.3	3.07E-03
704.4	3.04E-03
704.5	3.02E-03
704.6	3.00E-03
704.7	2.98E-03
704.8	2.95E-03
704.9	2.93E-03
705	2.91E-03
705.1	2.89E-03
705.2	2.87E-03
705.3	2.85E-03
705.4	2.83E-03
705.5	2.80E-03
705.6	2.78E-03
705.7	2.76E-03
705.8	2.74E-03
705.9	2.72E-03
706	2.70E-03
706.1	2.68E-03
706.2	2.66E-03
706.3	2.64E-03
706.4	2.62E-03
706.5	2.60E-03
706.6	2.58E-03
706.7	2.56E-03
706.8	2.54E-03
706.9	2.52E-03
707	2.51E-03
707.1	2.49E-03
707.2	2.47E-03
707.3	2.45E-03
707.4	2.43E-03
707.5	2.41E-03
707.6	2.39E-03
707.7	2.38E-03
707.8	2.36E-03
707.9	2.34E-03
708	2.32E-03
708.1	2.31E-03
708.2	2.29E-03
708.3	2.27E-03
708.4	2.25E-03
708.5	2.24E-03
708.6	2.22E-03
708.7	2.20E-03
708.8	2.19E-03
708.9	2.17E-03
709	2.15E-03
709.1	2.14E-03
709.2	2.12E-03
709.3	2.10E-03
709.4	2.09E-03
709.5	2.07E-03
709.6	2.06E-03
709.7	2.04E-03
709.8	2.03E-03
709.9	2.01E-03
710	2.00E-03
710.1	1.98E-03
710.2	1.97E-03
710.3	1.95E-03
710.4	1.94E-03
710.5	1.92E-03
710.6	1.91E-03
710.7	1.89E-03
710.8	1.88E-03
710.9	1.86E-03
711	1.85E-03
711.1	1.84E-03
711.2	1.82E-03
711.3	1.81E-03
711.4	1.79E-03
711.5	1.78E-03
711.6	1.77E-03
711.7	1.75E-03
711.8	1.74E-03
711.9	1.73E-03
712	1.71E-03
712.1	1.70E-03
712.2	1.69E-03
712.3	1.68E-03
712.4	1.66E-03
712.5	1.65E-03
712.6	1.64E-03
712.7	1.63E-03
712.8	1.61E-03
712.9	1.60E-03
713	1.59E-03
713.1	1.58E-03
713.2	1.57E-03
713.3	1.55E-03
713.4	1.54E-03
713.5	1.53E-03
713.6	1.52E-03
713.7	1.51E-03
713.8	1.50E-03
713.9	1.48E-03
714	1.47E-03
714.1	1.46E-03
714.2	1.45E-03
714.3	1.44E-03
714.4	1.43E-03
714.5	1.42E-03
714.6	1.41E-03
714.7	1.40E-03
714.8	1.39E-03
714.9	1.38E-03
715	1.37E-03
715.1	1.36E-03
715.2	1.35E-03
715.3	1.34E-03
715.4	1.33E-03
715.5	1.32E-03
715.6	1.31E-03
715.7	1.30E-03
715.8	1.29E-03
715.9	1.28E-03
716	1.27E-03
716.1	1.26E-03
716.2	1.25E-03
716.3	1.24E-03
716.4	1.23E-03
716.5	1.22E-03
716.6	1.21E-03
716.7	1.20E-03
716.8	1.20E-03
716.9	1.19E-03
717	1.18E-03
717.1	1.17E-03
717.2	1.16E-03
717.3	1.15E-03
717.4	1.14E-03
717.5	1.14E-03
717.6	1.13E-03
717.7	1.12E-03
717.8	1.11E-03
717.9	1.10E-03
718	1.09E-03
718.1	1.09E-03
718.2	1.08E-03
718.3	1.07E-03
718.4	1.06E-03
718.5	1.06E-03
718.6	1.05E-03
718.7	1.04E-03
718.8	1.03E-03
718.9	1.02E-03
719	1.02E-03
719.1	1.01E-03
719.2	1.00E-03
719.3	9.95E-04
719.4	9.87E-04
719.5	9.80E-04
719.6	9.73E-04
719.7	9.66E-04
719.8	9.59E-04
719.9	9.52E-04
720	9.45E-04
720.1	9.38E-04
720.2	9.31E-04
720.3	9.24E-04
720.4	9.17E-04
720.5	9.11E-04
720.6	9.04E-04
720.7	8.97E-04
720.8	8.91E-04
720.9	8.84E-04
721	8.78E-04
721.1	8.71E-04
721.2	8.65E-04
721.3	8.58E-04
721.4	8.52E-04
721.5	8.46E-04
721.6	8.39E-04
721.7	8.33E-04
721.8	8.27E-04
721.9	8.21E-04
722	8.15E-04
722.1	8.09E-04
722.2	8.03E-04
722.3	7.97E-04
722.4	7.91E-04
722.5	7.86E-04
722.6	7.80E-04
722.7	7.74E-04
722.8	7.68E-04
722.9	7.63E-04
723	7.57E-04
723.1	7.52E-04
723.2	7.46E-04
723.3	7.41E-04
723.4	7.35E-04
723.5	7.30E-04
723.6	7.24E-04
723.7	7.19E-04
723.8	7.14E-04
723.9	7.09E-04
724	7.03E-04
724.1	6.98E-04
724.2	6.93E-04
724.3	6.88E-04
724.4	6.83E-04
724.5	6.78E-04
724.6	6.73E-04
724.7	6.68E-04
724.8	6.63E-04
724.9	6.58E-04
725	6.54E-04
725.1	6.49E-04
725.2	6.44E-04
725.3	6.40E-04
725.4	6.35E-04
725.5	6.30E-04
725.6	6.26E-04
725.7	6.21E-04
725.8	6.17E-04
725.9	6.12E-04
726	6.08E-04
726.1	6.03E-04
726.2	5.99E-04
726.3	5.95E-04
726.4	5.90E-04
726.5	5.86E-04
726.6	5.82E-04
726.7	5.78E-04
726.8	5.74E-04
726.9	5.69E-04
727	5.65E-04
727.1	5.61E-04
727.2	5.57E-04
727.3	5.53E-04
727.4	5.49E-04
727.5	5.45E-04
727.6	5.41E-04
727.7	5.37E-04
727.8	5.34E-04
727.9	5.30E-04
728	5.26E-04
728.1	5.22E-04
728.2	5.18E-04
728.3	5.15E-04
728.4	5.11E-04
728.5	5.07E-04
728.6	5.04E-04
728.7	5.00E-04
728.8	4.97E-04
728.9	4.93E-04
729	4.90E-04
729.1	4.86E-04
729.2	4.83E-04
729.3	4.79E-04
729.4	4.76E-04
729.5	4.72E-04
729.6	4.69E-04
729.7	4.66E-04
729.8	4.62E-04
729.9	4.59E-04
730	4.56E-04
730.1	4.52E-04
730.2	4.49E-04
730.3	4.46E-04
730.4	4.43E-04
730.5	4.40E-04
730.6	4.36E-04
730.7	4.33E-04
730.8	4.30E-04
730.9	4.27E-04
731	4.24E-04
731.1	4.21E-04
731.2	4.18E-04
731.3	4.15E-04
731.4	4.12E-04
731.5	4.09E-04
731.6	4.06E-04
731.7	4.03E-04
731.8	4.00E-04
731.9	3.98E-04
732	3.95E-04
732.1	3.92E-04
732.2	3.89E-04
732.3	3.86E-04
732.4	3.84E-04
732.5	3.81E-04
732.6	3.78E-04
732.7	3.75E-04
732.8	3.73E-04
732.9	3.70E-04
733	3.67E-04
733.1	3.65E-04
733.2	3.62E-04
733.3	3.59E-04
733.4	3.57E-04
733.5	3.54E-04
733.6	3.52E-04
733.7	3.49E-04
733.8	3.47E-04
733.9	3.44E-04
734	3.42E-04
734.1	3.39E-04
734.2	3.37E-04
734.3	3.34E-04
734.4	3.32E-04
734.5	3.30E-04
734.6	3.27E-04
734.7	3.25E-04
734.8	3.23E-04
734.9	3.20E-04
735	3.18E-04
735.1	3.16E-04
735.2	3.13E-04
735.3	3.11E-04
735.4	3.09E-04
735.5	3.07E-04
735.6	3.04E-04
735.7	3.02E-04
735.8	3.00E-04
735.9	2.98E-04
736	2.96E-04
736.1	2.94E-04
736.2	2.91E-04
736.3	2.89E-04
736.4	2.87E-04
736.5	2.85E-04
736.6	2.83E-04
736.7	2.81E-04
736.8	2.79E-04
736.9	2.77E-04
737	2.75E-04
737.1	2.73E-04
737.2	2.71E-04
737.3	2.69E-04
737.4	2.67E-04
737.5	2.65E-04
737.6	2.63E-04
737.7	2.61E-04
737.8	2.60E-04
737.9	2.58E-04
738	2.56E-04
738.1	2.54E-04
738.2	2.52E-04
738.3	2.50E-04
738.4	2.49E-04
738.5	2.47E-04
738.6	2.45E-04
738.7	2.43E-04
738.8	2.42E-04
738.9	2.40E-04
739	2.38E-04
739.1	2.36E-04
739.2	2.35E-04
739.3	2.33E-04
739.4	2.31E-04
739.5	2.30E-04
739.6	2.28E-04
739.7	2.27E-04
739.8	2.25E-04
739.9	2.23E-04
740	2.22E-04
740.1	2.20E-04
740.2	2.19E-04
740.3	2.17E-04
740.4	2.16E-04
740.5	2.14E-04
740.6	2.13E-04
740.7	2.11E-04
740.8	2.10E-04
740.9	2.08E-04
741	2.07E-04
741.1	2.05E-04
741.2	2.04E-04
741.3	2.02E-04
741.4	2.01E-04
741.5	2.00E-04
741.6	1.98E-04
741.7	1.97E-04
741.8	1.95E-04
741.9	1.94E-04
742	1.93E-04
742.1	1.91E-04
742.2	1.90E-04
742.3	1.89E-04
742.4	1.87E-04
742.5	1.86E-04
742.6	1.85E-04
742.7	1.84E-04
742.8	1.82E-04
742.9	1.81E-04
743	1.80E-04
743.1	1.79E-04
743.2	1.77E-04
743.3	1.76E-04
743.4	1.75E-04
743.5	1.74E-04
743.6	1.73E-04
743.7	1.71E-04
743.8	1.70E-04
743.9	1.69E-04
744	1.68E-04
744.1	1.67E-04
744.2	1.65E-04
744.3	1.64E-04
744.4	1.63E-04
744.5	1.62E-04
744.6	1.61E-04
744.7	1.60E-04
744.8	1.59E-04
744.9	1.58E-04
745	1.57E-04
745.1	1.55E-04
745.2	1.54E-04
745.3	1.53E-04
745.4	1.52E-04
745.5	1.51E-04
745.6	1.50E-04
745.7	1.49E-04
745.8	1.48E-04
745.9	1.47E-04
746	1.46E-04
746.1	1.45E-04
746.2	1.44E-04
746.3	1.43E-04
746.4	1.42E-04
746.5	1.41E-04
746.6	1.40E-04
746.7	1.39E-04
746.8	1.38E-04
746.9	1.37E-04
747	1.36E-04
747.1	1.35E-04
747.2	1.34E-04
747.3	1.33E-04
747.4	1.32E-04
747.5	1.31E-04
747.6	1.31E-04
747.7	1.30E-04
747.8	1.29E-04
747.9	1.28E-04
748	1.27E-04
748.1	1.26E-04
748.2	1.25E-04
748.3	1.24E-04
748.4	1.23E-04
748.5	1.23E-04
748.6	1.22E-04
748.7	1.21E-04
748.8	1.20E-04
748.9	1.19E-04
749	1.18E-04
749.1	1.18E-04
749.2	1.17E-04
749.3	1.16E-04
749.4	1.15E-04
749.5	1.14E-04
749.6	1.14E-04
749.7	1.13E-04
749.8	1.12E-04
749.9	1.11E-04
750	1.10E-04
750.1	1.10E-04
750.2	1.09E-04
750.3	1.08E-04
750.4	1.07E-04
750.5	1.07E-04
750.6	1.06E-04
750.7	1.05E-04
750.8	1.04E-04
750.9	1.04E-04
751	1.03E-04
751.1	1.02E-04
751.2	1.02E-04
751.3	1.01E-04
751.4	1.00E-04
751.5	9.95E-05
751.6	9.88E-05
751.7	9.81E-05
751.8	9.75E-05
751.9	9.68E-05
752	9.61E-05
752.1	9.55E-05
752.2	9.48E-05
752.3	9.42E-05
752.4	9.35E-05
752.5	9.29E-05
752.6	9.22E-05
752.7	9.16E-05
752.8	9.10E-05
752.9	9.04E-05
753	8.97E-05
753.1	8.91E-05
753.2	8.85E-05
753.3	8.79E-05
753.4	8.73E-05
753.5	8.67E-05
753.6	8.61E-05
753.7	8.55E-05
753.8	8.50E-05
753.9	8.44E-05
754	8.38E-05
754.1	8.32E-05
754.2	8.27E-05
754.3	8.21E-05
754.4	8.15E-05
754.5	8.10E-05
754.6	8.04E-05
754.7	7.99E-05
754.8	7.93E-05
754.9	7.88E-05
755	7.83E-05
755.1	7.77E-05
755.2	7.72E-05
755.3	7.67E-05
755.4	7.62E-05
755.5	7.57E-05
755.6	7.51E-05
755.7	7.46E-05
755.8	7.41E-05
755.9	7.36E-05
756	7.31E-05
756.1	7.26E-05
756.2	7.21E-05
756.3	7.17E-05
756.4	7.12E-05
756.5	7.07E-05
756.6	7.02E-05
756.7	6.97E-05
756.8	6.93E-05
756.9	6.88E-05
757	6.83E-05
757.1	6.79E-05
757.2	6.74E-05
757.3	6.70E-05
757.4	6.65E-05
757.5	6.61E-05
757.6	6.56E-05
757.7	6.52E-05
757.8	6.47E-05
757.9	6.43E-05
758	6.39E-05
758.1	6.34E-05
758.2	6.30E-05
758.3	6.26E-05
758.4	6.22E-05
758.5	6.17E-05
758.6	6.13E-05
758.7	6.09E-05
758.8	6.05E-05
758.9	6.01E-05
759	5.97E-05
759.1	5.93E-05
759.2	5.89E-05
759.3	5.85E-05
759.4	5.81E-05
759.5	5.77E-05
759.6	5.73E-05
759.7	5.69E-05
759.8	5.65E-05
759.9	5.62E-05
760	5.58E-05
760.1	5.54E-05
760.2	5.50E-05
760.3	5.47E-05
760.4	5.43E-05
760.5	5.39E-05
760.6	5.36E-05
760.7	5.32E-05
760.8	5.28E-05
760.9	5.25E-05
761	5.21E-05
761.1	5.18E-05
761.2	5.14E-05
761.3	5.11E-05
761.4	5.07E-05
761.5	5.04E-05
761.6	5.01E-05
761.7	4.97E-05
761.8	4.94E-05
761.9	4.91E-05
762	4.87E-05
762.1	4.84E-05
762.2	4.81E-05
762.3	4.77E-05
762.4	4.74E-05
762.5	4.71E-05
762.6	4.68E-05
762.7	4.65E-05
762.8	4.62E-05
762.9	4.58E-05
763	4.55E-05
763.1	4.52E-05
763.2	4.49E-05
763.3	4.46E-05
763.4	4.43E-05
763.5	4.40E-05
763.6	4.37E-05
763.7	4.34E-05
763.8	4.32E-05
763.9	4.29E-05
764	4.26E-05
764.1	4.23E-05
764.2	4.20E-05
764.3	4.17E-05
764.4	4.14E-05
764.5	4.12E-05
764.6	4.09E-05
764.7	4.06E-05
764.8	4.04E-05
764.9	4.01E-05
765	3.98E-05
765.1	3.96E-05
765.2	3.93E-05
765.3	3.90E-05
765.4	3.88E-05
765.5	3.85E-05
765.6	3.83E-05
765.7	3.80E-05
765.8	3.78E-05
765.9	3.75E-05
766	3.73E-05
766.1	3.70E-05
766.2	3.68E-05
766.3	3.65E-05
766.4	3.63E-05
766.5	3.60E-05
766.6	3.58E-05
766.7	3.56E-05
766.8	3.53E-05
766.9	3.51E-05
767	3.49E-05
767.1	3.46E-05
767.2	3.44E-05
767.3	3.42E-05
767.4	3.40E-05
767.5	3.37E-05
767.6	3.35E-05
767.7	3.33E-05
767.8	3.31E-05
767.9	3.29E-05
768	3.26E-05
768.1	3.24E-05
768.2	3.22E-05
768.3	3.20E-05
768.4	3.18E-05
768.5	3.16E-05
768.6	3.14E-05
768.7	3.12E-05
768.8	3.10E-05
768.9	3.08E-05
769	3.06E-05
769.1	3.04E-05
769.2	3.02E-05
769.3	3.00E-05
769.4	2.98E-05
769.5	2.96E-05
769.6	2.94E-05
769.7	2.92E-05
769.8	2.90E-05
769.9	2.88E-05
770	2.86E-05
770.1	2.84E-05
770.2	2.82E-05
770.3	2.80E-05
770.4	2.79E-05
770.5	2.77E-05
770.6	2.75E-05
770.7	2.73E-05
770.8	2.71E-05
770.9	2.69E-05
771	2.68E-05
771.1	2.66E-05
771.2	2.64E-05
771.3	2.62E-05
771.4	2.61E-05
771.5	2.59E-05
771.6	2.57E-05
771.7	2.55E-05
771.8	2.54E-05
771.9	2.52E-05
772	2.50E-05
772.1	2.49E-05
772.2	2.47E-05
772.3	2.45E-05
772.4	2.44E-05
772.5	2.42E-05
772.6	2.40E-05
772.7	2.39E-05
772.8	2.37E-05
772.9	2.36E-05
773	2.34E-05
773.1	2.33E-05
773.2	2.31E-05
773.3	2.30E-05
773.4	2.28E-05
773.5	2.26E-05
773.6	2.25E-05
773.7	2.23E-05
773.8	2.22E-05
773.9	2.21E-05
774	2.19E-05
774.1	2.18E-05
774.2	2.16E-05
774.3	2.15E-05
774.4	2.13E-05
774.5	2.12E-05
774.6	2.11E-05
774.7	2.09E-05
774.8	2.08E-05
774.9	2.06E-05
775	2.05E-05
775.1	2.04E-05
775.2	2.02E-05
775.3	2.01E-05
775.4	2.00E-05
775.5	1.99E-05
775.6	1.97E-05
775.7	1.96E-05
775.8	1.95E-05
775.9	1.93E-05
776	1.92E-05
776.1	1.91E-05
776.2	1.90E-05
776.3	1.88E-05
776.4	1.87E-05
776.5	1.86E-05
776.6	1.85E-05
776.7	1.84E-05
776.8	1.83E-05
776.9	1.81E-05
777	1.80E-05
777.1	1.79E-05
777.2	1.78E-05
777.3	1.77E-05
777.4	1.76E-05
777.5	1.74E-05
777.6	1.73E-05
777.7	1.72E-05
777.8	1.71E-05
777.9	1.70E-05
778	1.69E-05
778.1	1.68E-05
778.2	1.67E-05
778.3	1.66E-05
778.4	1.65E-05
778.5	1.64E-05
778.6	1.63E-05
778.7	1.62E-05
778.8	1.61E-05
778.9	1.60E-05
779	1.59E-05
779.1	1.58E-05
779.2	1.57E-05
779.3	1.56E-05
779.4	1.55E-05
779.5	1.54E-05
779.6	1.53E-05
779.7	1.52E-05
779.8	1.51E-05
779.9	1.50E-05
780	1.49E-05
780.1	1.48E-05
780.2	1.47E-05
780.3	1.46E-05
780.4	1.45E-05
780.5	1.44E-05
780.6	1.43E-05
780.7	1.42E-05
780.8	1.41E-05
780.9	1.40E-05
781	1.40E-05
781.1	1.39E-05
781.2	1.38E-05
781.3	1.37E-05
781.4	1.36E-05
781.5	1.35E-05
781.6	1.34E-05
781.7	1.33E-05
781.8	1.33E-05
781.9	1.32E-05
782	1.31E-05
782.1	1.30E-05
782.2	1.29E-05
782.3	1.28E-05
782.4	1.28E-05
782.5	1.27E-05
782.6	1.26E-05
782.7	1.25E-05
782.8	1.24E-05
782.9	1.24E-05
783	1.23E-05
783.1	1.22E-05
783.2	1.21E-05
783.3	1.20E-05
783.4	1.20E-05
783.5	1.19E-05
783.6	1.18E-05
783.7	1.17E-05
783.8	1.17E-05
783.9	1.16E-05
784	1.15E-05
784.1	1.14E-05
784.2	1.14E-05
784.3	1.13E-05
784.4	1.12E-05
784.5	1.12E-05
784.6	1.11E-05
784.7	1.10E-05
784.8	1.09E-05
784.9	1.09E-05
785	1.08E-05
785.1	1.07E-05
785.2	1.07E-05
785.3	1.06E-05
785.4	1.05E-05
785.5	1.05E-05
785.6	1.04E-05
785.7	1.03E-05
785.8	1.03E-05
785.9	1.02E-05
786	1.01E-05
786.1	1.01E-05
786.2	1.00E-05
786.3	9.94E-06
786.4	9.88E-06
786.5	9.82E-06
786.6	9.75E-06
786.7	9.69E-06
786.8	9.63E-06
786.9	9.57E-06
787	9.51E-06
787.1	9.45E-06
787.2	9.39E-06
787.3	9.33E-06
787.4	9.27E-06
787.5	9.21E-06
787.6	9.15E-06
787.7	9.10E-06
787.8	9.04E-06
787.9	8.98E-06
788	8.93E-06
788.1	8.87E-06
788.2	8.81E-06
788.3	8.76E-06
788.4	8.70E-06
788.5	8.65E-06
788.6	8.59E-06
788.7	8.54E-06
788.8	8.48E-06
788.9	8.43E-06
789	8.38E-06
789.1	8.32E-06
789.2	8.27E-06
789.3	8.22E-06
789.4	8.17E-06
789.5	8.12E-06
789.6	8.07E-06
789.7	8.01E-06
789.8	7.96E-06
789.9	7.91E-06
790	7.86E-06
790.1	7.81E-06
790.2	7.76E-06
790.3	7.72E-06
790.4	7.67E-06
790.5	7.62E-06
790.6	7.57E-06
790.7	7.52E-06
790.8	7.48E-06
790.9	7.43E-06
791	7.38E-06
791.1	7.33E-06
791.2	7.29E-06
791.3	7.24E-06
791.4	7.20E-06
791.5	7.15E-06
791.6	7.11E-06
791.7	7.06E-06
791.8	7.02E-06
791.9	6.97E-06
792	6.93E-06
792.1	6.89E-06
792.2	6.84E-06
792.3	6.80E-06
792.4	6.76E-06
792.5	6.71E-06
792.6	6.67E-06
792.7	6.63E-06
792.8	6.59E-06
792.9	6.55E-06
793	6.51E-06
793.1	6.46E-06
793.2	6.42E-06
793.3	6.38E-06
793.4	6.34E-06
793.5	6.30E-06
793.6	6.26E-06
793.7	6.22E-06
793.8	6.19E-06
793.9	6.15E-06
794	6.11E-06
794.1	6.07E-06
794.2	6.03E-06
794.3	5.99E-06
794.4	5.96E-06
794.5	5.92E-06
794.6	5.88E-06
794.7	5.85E-06
794.8	5.81E-06
794.9	5.77E-06
795	5.74E-06
795.1	5.70E-06
795.2	5.67E-06
795.3	5.63E-06
795.4	5.60E-06
795.5	5.56E-06
795.6	5.53E-06
795.7	5.49E-06
795.8	5.46E-06
795.9	5.42E-06
796	5.39E-06
796.1	5.36E-06
796.2	5.32E-06
796.3	5.29E-06
796.4	5.26E-06
796.5	5.22E-06
796.6	5.19E-06
796.7	5.16E-06
796.8	5.13E-06
796.9	5.10E-06
797	5.07E-06
797.1	5.03E-06
797.2	5.00E-06
797.3	4.97E-06
797.4	4.94E-06
797.5	4.91E-06
797.6	4.88E-06
797.7	4.85E-06
797.8	4.82E-06
797.9	4.79E-06
798	4.76E-06
798.1	4.73E-06
798.2	4.70E-06
798.3	4.67E-06
798.4	4.65E-06
798.5	4.62E-06
798.6	4.59E-06
798.7	4.56E-06
798.8	4.53E-06
798.9	4.51E-06
799	4.48E-06
799.1	4.45E-06
799.2	4.42E-06
799.3	4.40E-06
799.4	4.37E-06
799.5	4.34E-06
799.6	4.32E-06
799.7	4.29E-06
799.8	4.26E-06
799.9	4.24E-06
800	4.21E-06
800.1	4.19E-06
800.2	4.16E-06
800.3	4.14E-06
800.4	4.11E-06
800.5	4.09E-06
800.6	4.06E-06
800.7	4.04E-06
800.8	4.01E-06
800.9	3.99E-06
801	3.96E-06
801.1	3.94E-06
801.2	3.91E-06
801.3	3.89E-06
801.4	3.87E-06
801.5	3.84E-06
801.6	3.82E-06
801.7	3.80E-06
801.8	3.77E-06
801.9	3.75E-06
802	3.73E-06
802.1	3.71E-06
802.2	3.68E-06
802.3	3.66E-06
802.4	3.64E-06
802.5	3.62E-06
802.6	3.60E-06
802.7	3.57E-06
802.8	3.55E-06
802.9	3.53E-06
803	3.51E-06
803.1	3.49E-06
803.2	3.47E-06
803.3	3.45E-06
803.4	3.42E-06
803.5	3.40E-06
803.6	3.38E-06
803.7	3.36E-06
803.8	3.34E-06
803.9	3.32E-06
804	3.30E-06
804.1	3.28E-06
804.2	3.26E-06
804.3	3.24E-06
804.4	3.22E-06
804.5	3.20E-06
804.6	3.18E-06
804.7	3.16E-06
804.8	3.14E-06
804.9	3.13E-06
805	3.11E-06
805.1	3.09E-06
805.2	3.07E-06
805.3	3.05E-06
805.4	3.03E-06
805.5	3.01E-06
805.6	2.99E-06
805.7	2.98E-06
805.8	2.96E-06
805.9	2.94E-06
806	2.92E-06
806.1	2.90E-06
806.2	2.89E-06
806.3	2.87E-06
806.4	2.85E-06
806.5	2.83E-06
806.6	2.82E-06
806.7	2.80E-06
806.8	2.78E-06
806.9	2.77E-06
807	2.75E-06
807.1	2.73E-06
807.2	2.71E-06
807.3	2.70E-06
807.4	2.68E-06
807.5	2.67E-06
807.6	2.65E-06
807.7	2.63E-06
807.8	2.62E-06
807.9	2.60E-06
808	2.58E-06
808.1	2.57E-06
808.2	2.55E-06
808.3	2.54E-06
808.4	2.52E-06
808.5	2.51E-06
808.6	2.49E-06
808.7	2.48E-06
808.8	2.46E-06
808.9	2.45E-06
809	2.43E-06
809.1	2.42E-06
809.2	2.40E-06
809.3	2.39E-06
809.4	2.37E-06
809.5	2.36E-06
809.6	2.34E-06
809.7	2.33E-06
809.8	2.31E-06
809.9	2.30E-06
810	2.29E-06
810.1	2.27E-06
810.2	2.26E-06
810.3	2.25E-06
810.4	2.23E-06
810.5	2.22E-06
810.6	2.20E-06
810.7	2.19E-06
810.8	2.18E-06
810.9	2.17E-06
811	2.15E-06
811.1	2.14E-06
811.2	2.13E-06
811.3	2.11E-06
811.4	2.10E-06
811.5	2.09E-06
811.6	2.08E-06
811.7	2.06E-06
811.8	2.05E-06
811.9	2.04E-06
812	2.03E-06
812.1	2.01E-06
812.2	2.00E-06
812.3	1.99E-06
812.4	1.98E-06
812.5	1.97E-06
812.6	1.95E-06
812.7	1.94E-06
812.8	1.93E-06
812.9	1.92E-06
813	1.91E-06
813.1	1.90E-06
813.2	1.88E-06
813.3	1.87E-06
813.4	1.86E-06
813.5	1.85E-06
813.6	1.84E-06
813.7	1.83E-06
813.8	1.82E-06
813.9	1.81E-06
814	1.80E-06
814.1	1.79E-06
814.2	1.78E-06
814.3	1.76E-06
814.4	1.75E-06
814.5	1.74E-06
814.6	1.73E-06
814.7	1.72E-06
814.8	1.71E-06
814.9	1.70E-06
815	1.69E-06
815.1	1.68E-06
815.2	1.67E-06
815.3	1.66E-06
815.4	1.65E-06
815.5	1.64E-06
815.6	1.63E-06
815.7	1.62E-06
815.8	1.61E-06
815.9	1.61E-06
816	1.60E-06
816.1	1.59E-06
816.2	1.58E-06
816.3	1.57E-06
816.4	1.56E-06
816.5	1.55E-06
816.6	1.54E-06
816.7	1.53E-06
816.8	1.52E-06
816.9	1.51E-06
817	1.50E-06
817.1	1.50E-06
817.2	1.49E-06
817.3	1.48E-06
817.4	1.47E-06
817.5	1.46E-06
817.6	1.45E-06
817.7	1.44E-06
817.8	1.44E-06
817.9	1.43E-06
818	1.42E-06
818.1	1.41E-06
818.2	1.40E-06
818.3	1.39E-06
818.4	1.39E-06
818.5	1.38E-06
818.6	1.37E-06
818.7	1.36E-06
818.8	1.35E-06
818.9	1.35E-06
819	1.34E-06
819.1	1.33E-06
819.2	1.32E-06
819.3	1.32E-06
819.4	1.31E-06
819.5	1.30E-06
819.6	1.29E-06
819.7	1.28E-06
819.8	1.28E-06
819.9	1.27E-06
820	1.26E-06
820.1	1.26E-06
820.2	1.25E-06
820.3	1.24E-06
820.4	1.23E-06
820.5	1.23E-06
820.6	1.22E-06
820.7	1.21E-06
820.8	1.20E-06
820.9	1.20E-06
821	1.19E-06
821.1	1.18E-06
821.2	1.18E-06
821.3	1.17E-06
821.4	1.16E-06
821.5	1.16E-06
821.6	1.15E-06
821.7	1.14E-06
821.8	1.14E-06
821.9	1.13E-06
822	1.12E-06
822.1	1.12E-06
822.2	1.11E-06
822.3	1.10E-06
822.4	1.10E-06
822.5	1.09E-06
822.6	1.08E-06
822.7	1.08E-06
822.8	1.07E-06
822.9	1.07E-06
823	1.06E-06
823.1	1.05E-06
823.2	1.05E-06
823.3	1.04E-06
823.4	1.03E-06
823.5	1.03E-06
823.6	1.02E-06
823.7	1.02E-06
823.8	1.01E-06
823.9	1.00E-06
824	9.99E-07
824.1	9.93E-07
824.2	9.87E-07
824.3	9.82E-07
824.4	9.76E-07
824.5	9.70E-07
824.6	9.65E-07
824.7	9.59E-07
824.8	9.53E-07
824.9	9.48E-07
825	9.42E-07
825.1	9.37E-07
825.2	9.31E-07
825.3	9.26E-07
825.4	9.21E-07
825.5	9.15E-07
825.6	9.10E-07
825.7	9.05E-07
825.8	8.99E-07
825.9	8.94E-07
826	8.89E-07
826.1	8.84E-07
826.2	8.79E-07
826.3	8.73E-07
826.4	8.68E-07
826.5	8.63E-07
826.6	8.58E-07
826.7	8.53E-07
826.8	8.48E-07
826.9	8.44E-07
827	8.39E-07
827.1	8.34E-07
827.2	8.29E-07
827.3	8.24E-07
827.4	8.19E-07
827.5	8.15E-07
827.6	8.10E-07
827.7	8.05E-07
827.8	8.01E-07
827.9	7.96E-07
828	7.91E-07
828.1	7.87E-07
828.2	7.82E-07
828.3	7.78E-07
828.4	7.73E-07
828.5	7.69E-07
828.6	7.64E-07
828.7	7.60E-07
828.8	7.56E-07
828.9	7.51E-07
829	7.47E-07
829.1	7.43E-07
829.2	7.39E-07
829.3	7.34E-07
829.4	7.30E-07
829.5	7.26E-07
829.6	7.22E-07
829.7	7.18E-07
829.8	7.14E-07
829.9	7.09E-07
830	7.05E-07